1 0.476724 0.087069 0.032759 0.039655
1 0.507759 0.148276 0.032759 0.031034
1 0.543103 0.149138 0.034483 0.036207
1 0.593966 0.164655 0.039655 0.025862
1 0.638793 0.128448 0.032759 0.029310
1 0.831034 0.088793 0.055172 0.039655
1 0.968966 0.145690 0.024138 0.029310
1 0.929310 0.203448 0.031034 0.024138
1 0.959483 0.293966 0.018966 0.029310
1 0.875000 0.345690 0.029310 0.032759
1 0.701724 0.150000 0.024138 0.027586
1 0.639655 0.200000 0.031034 0.020690
1 0.650862 0.237931 0.018966 0.037931
1 0.667241 0.256034 0.017241 0.029310
1 0.610345 0.221552 0.027586 0.029310
1 0.566379 0.312931 0.025862 0.039655
1 0.617241 0.384483 0.024138 0.027586
1 0.681897 0.374138 0.029310 0.027586
1 0.548276 0.438793 0.034483 0.032759
1 0.343103 0.340517 0.034483 0.022414
1 0.338793 0.481034 0.036207 0.031034
1 0.330172 0.535345 0.053448 0.029310
1 0.391379 0.577586 0.041379 0.024138
1 0.507759 0.569828 0.046552 0.036207
1 0.351724 0.648276 0.031034 0.037931
1 0.266379 0.681034 0.043103 0.037931
1 0.166379 0.489655 0.050000 0.048276
1 0.825862 0.781897 0.041379 0.039655
1 0.732759 0.906034 0.041379 0.032759
1 0.950862 0.963793 0.046552 0.027586
1 0.375000 0.929310 0.025862 0.027586
1 0.078448 0.137931 0.039655 0.027586