1 0.764655 0.214655 0.036207 0.036207
1 0.825000 0.189655 0.039655 0.020690
1 0.829310 0.149138 0.041379 0.029310
1 0.555172 0.237931 0.048276 0.031034
1 0.692241 0.300000 0.036207 0.031034
1 0.666379 0.286207 0.032759 0.034483
1 0.684483 0.336207 0.031034 0.037931
1 0.781034 0.358621 0.034483 0.044828
1 0.726724 0.386207 0.046552 0.024138
1 0.621552 0.348276 0.039655 0.041379
1 0.587069 0.378448 0.032759 0.032759
1 0.473276 0.339655 0.043103 0.034483
1 0.437931 0.265517 0.020690 0.048276
1 0.380172 0.114655 0.032759 0.032759
1 0.425000 0.117241 0.025862 0.031034
1 0.492241 0.134483 0.029310 0.034483
1 0.529310 0.142241 0.037931 0.039655
1 0.571552 0.092241 0.025862 0.029310
1 0.631034 0.112931 0.031034 0.039655
1 0.496552 0.748276 0.044828 0.031034
1 0.593966 0.729310 0.050000 0.027586
1 0.633621 0.717241 0.029310 0.034483
1 0.715517 0.691379 0.037931 0.027586
1 0.757759 0.731897 0.043103 0.032759
1 0.877586 0.748276 0.051724 0.041379
1 0.902586 0.789655 0.039655 0.031034
1 0.950862 0.809483 0.032759 0.032759
1 0.243103 0.796552 0.037931 0.041379
1 0.294828 0.799138 0.044828 0.039655
1 0.067241 0.794828 0.034483 0.037931
1 0.218966 0.885345 0.041379 0.043103
1 0.258621 0.255172 0.024138 0.037931
1 0.297414 0.376724 0.032759 0.039655
1 0.190517 0.165517 0.032759 0.044828
1 0.143966 0.207759 0.032759 0.046552
1 0.114655 0.093103 0.036207 0.041379
1 0.369828 0.060345 0.039655 0.027586
1 0.531034 0.258621 0.031034 0.031034
1 0.661207 0.459483 0.032759 0.032759
1 0.710345 0.450862 0.044828 0.036207
1 0.836207 0.568966 0.044828 0.031034