1 0.867241 0.133621 0.068966 0.039655
1 0.928448 0.114655 0.050000 0.046552
1 0.747414 0.234483 0.056897 0.041379
1 0.683621 0.250000 0.039655 0.048276
1 0.560345 0.353448 0.058621 0.037931
1 0.531034 0.317241 0.072414 0.044828
1 0.171552 0.033621 0.074138 0.039655
1 0.136207 0.082759 0.037931 0.031034
1 0.083621 0.086207 0.025862 0.034483
1 0.098276 0.150000 0.041379 0.041379
1 0.720690 0.772414 0.068966 0.079310
1 0.778448 0.735345 0.053448 0.046552
1 0.846552 0.939655 0.051724 0.048276
1 0.633621 0.959483 0.056897 0.060345
1 0.527586 0.980172 0.062069 0.039655
1 0.230172 0.897414 0.081034 0.046552
1 0.281897 0.675000 0.056897 0.050000
1 0.381897 0.410345 0.050000 0.051724
1 0.579310 0.231897 0.065517 0.025862
1 0.658621 0.455172 0.041379 0.062069
1 0.563793 0.500000 0.051724 0.041379
1 0.615517 0.493103 0.048276 0.044828
1 0.306897 0.499138 0.062069 0.053448
1 0.417241 0.543966 0.031034 0.032759
1 0.345690 0.606897 0.053448 0.058621
1 0.192241 0.579310 0.053448 0.051724
1 0.246552 0.589655 0.037931 0.031034
1 0.310345 0.141379 0.065517 0.044828
1 0.492241 0.410345 0.060345 0.048276
1 0.735345 0.337931 0.036207 0.048276
1 0.782759 0.337931 0.044828 0.041379
1 0.808621 0.293103 0.037931 0.044828
1 0.841379 0.239655 0.044828 0.041379
1 0.950000 0.501724 0.068966 0.072414
1 0.945690 0.556897 0.046552 0.055172
1 0.787931 0.611207 0.034483 0.025862
1 0.724138 0.632759 0.044828 0.037931
1 0.655172 0.537931 0.051724 0.068966
1 0.716379 0.406897 0.091379 0.051724
1 0.325862 0.318103 0.058621 0.039655
1 0.258621 0.325862 0.048276 0.037931
1 0.084483 0.369828 0.048276 0.043103
1 0.093103 0.331897 0.051724 0.039655
1 0.073276 0.717241 0.056897 0.027586
1 0.149138 0.643966 0.063793 0.053448
1 0.184483 0.820690 0.058621 0.065517
1 0.100862 0.854310 0.060345 0.060345
1 0.554310 0.174138 0.029310 0.034483