1 0.867241 0.088793 0.034483 0.025862
1 0.851724 0.198276 0.027586 0.037931
1 0.725862 0.368103 0.041379 0.039655
1 0.578448 0.299138 0.032759 0.043103
1 0.501724 0.384483 0.031034 0.044828
1 0.366379 0.421552 0.032759 0.032759
1 0.350862 0.515517 0.025862 0.031034
1 0.425000 0.636207 0.039655 0.024138
1 0.470690 0.567241 0.034483 0.027586
1 0.506897 0.561207 0.027586 0.039655
1 0.558621 0.504310 0.034483 0.025862
1 0.275000 0.326724 0.039655 0.032759
1 0.109483 0.401724 0.036207 0.041379
1 0.861207 0.562069 0.036207 0.034483
1 0.924138 0.490517 0.041379 0.025862
1 0.856034 0.501724 0.029310 0.027586
1 0.890517 0.452586 0.025862 0.032759
1 0.909483 0.359483 0.022414 0.025862
1 0.891379 0.342241 0.027586 0.022414
1 0.733621 0.601724 0.029310 0.034483
1 0.764655 0.549138 0.039655 0.032759
1 0.625000 0.610345 0.032759 0.041379
1 0.400862 0.832759 0.032759 0.027586
1 0.372414 0.781034 0.031034 0.051724
1 0.347414 0.741379 0.053448 0.031034
1 0.266379 0.494828 0.032759 0.037931
1 0.299138 0.455172 0.050000 0.034483
1 0.230172 0.430172 0.046552 0.046552
1 0.306897 0.239655 0.044828 0.041379
1 0.440517 0.228448 0.039655 0.029310
1 0.804310 0.491379 0.036207 0.027586
1 0.907759 0.309483 0.025862 0.032759