1 0.175862 0.212931 0.037931 0.046552
1 0.051724 0.125862 0.051724 0.031034
1 0.224138 0.034483 0.041379 0.034483
1 0.045690 0.370690 0.046552 0.020690
1 0.122414 0.434483 0.044828 0.027586
1 0.190517 0.458621 0.025862 0.031034
1 0.326724 0.493103 0.039655 0.031034
1 0.195690 0.618966 0.039655 0.024138
1 0.057759 0.614655 0.046552 0.018966
1 0.671552 0.717241 0.039655 0.031034
1 0.758621 0.590517 0.041379 0.029310
1 0.725862 0.525000 0.031034 0.043103
1 0.973276 0.481034 0.032759 0.034483
1 0.894828 0.613793 0.024138 0.024138
1 0.823276 0.467241 0.032759 0.031034
1 0.835345 0.370690 0.025862 0.044828
1 0.833621 0.203448 0.029310 0.027586
1 0.856897 0.160345 0.034483 0.024138
1 0.721552 0.273276 0.025862 0.029310
1 0.739655 0.471552 0.020690 0.029310
1 0.643966 0.549138 0.025862 0.029310
1 0.597414 0.405172 0.029310 0.027586
1 0.523276 0.203448 0.032759 0.031034
1 0.547414 0.860345 0.029310 0.034483
1 0.545690 0.892241 0.032759 0.039655
1 0.338793 0.774138 0.039655 0.034483
1 0.143103 0.874138 0.044828 0.037931
1 0.134483 0.745690 0.027586 0.025862
1 0.105172 0.730172 0.027586 0.032759
1 0.343966 0.694828 0.032759 0.034483