1 0.448276 0.092241 0.027586 0.036207
1 0.488793 0.096552 0.032759 0.027586
1 0.565517 0.061207 0.034483 0.025862
1 0.573276 0.096552 0.036207 0.027586
1 0.616379 0.092241 0.029310 0.025862
1 0.707759 0.063793 0.029310 0.024138
1 0.886207 0.022414 0.048276 0.044828
1 0.931897 0.086207 0.025862 0.048276
1 0.864655 0.125000 0.025862 0.036207
1 0.817241 0.167241 0.031034 0.031034
1 0.768966 0.184483 0.024138 0.041379
1 0.728448 0.199138 0.025862 0.036207
1 0.773276 0.249138 0.036207 0.046552
1 0.830172 0.205172 0.036207 0.034483
1 0.810345 0.253448 0.031034 0.024138
1 0.817241 0.291379 0.041379 0.034483
1 0.699138 0.383621 0.046552 0.029310
1 0.594828 0.337931 0.048276 0.027586
1 0.762931 0.425000 0.036207 0.036207
1 0.731034 0.462069 0.024138 0.041379
1 0.631897 0.427586 0.029310 0.027586
1 0.588793 0.393966 0.043103 0.029310
1 0.501724 0.422414 0.055172 0.041379
1 0.442241 0.331034 0.029310 0.034483
1 0.381897 0.300862 0.039655 0.036207
1 0.390517 0.575000 0.032759 0.036207
1 0.404310 0.481897 0.032759 0.043103
1 0.237931 0.404310 0.041379 0.050000
1 0.347414 0.227586 0.032759 0.041379
1 0.331034 0.145690 0.051724 0.032759
1 0.643966 0.836207 0.029310 0.037931
1 0.665517 0.897414 0.034483 0.046552
1 0.527586 0.893966 0.037931 0.036207
1 0.450000 0.859483 0.034483 0.032759
1 0.377586 0.788793 0.041379 0.032759
1 0.429310 0.760345 0.034483 0.034483
1 0.343966 0.605172 0.029310 0.041379
1 0.291379 0.493966 0.037931 0.032759
1 0.250000 0.225862 0.031034 0.037931
1 0.266379 0.195690 0.025862 0.036207
1 0.837931 0.585345 0.048276 0.029310
1 0.916379 0.767241 0.036207 0.034483
1 0.961207 0.886207 0.039655 0.034483
1 0.725000 0.771552 0.043103 0.025862
1 0.234483 0.743103 0.037931 0.031034
1 0.235345 0.616379 0.032759 0.036207
1 0.308621 0.572414 0.031034 0.024138
1 0.228448 0.563793 0.036207 0.034483
1 0.164655 0.327586 0.029310 0.041379