1 0.305172 0.018966 0.048276 0.037931
1 0.554310 0.015517 0.053448 0.031034
1 0.594828 0.031034 0.048276 0.034483
1 0.627586 0.075862 0.037931 0.034483
1 0.650862 0.098276 0.025862 0.031034
1 0.680172 0.102586 0.039655 0.032759
1 0.711207 0.112069 0.032759 0.044828
1 0.756897 0.131897 0.037931 0.039655
1 0.800000 0.166379 0.024138 0.025862
1 0.829310 0.196552 0.027586 0.024138
1 0.856897 0.250862 0.024138 0.025862
1 0.769828 0.281034 0.039655 0.013793
1 0.829310 0.309483 0.027586 0.032759
1 0.631034 0.276724 0.034483 0.029310
1 0.574138 0.280172 0.027586 0.029310
1 0.509483 0.177586 0.029310 0.031034
1 0.478448 0.193103 0.036207 0.037931
1 0.455172 0.223276 0.027586 0.032759
1 0.430172 0.246552 0.029310 0.024138
1 0.331897 0.195690 0.032759 0.029310
1 0.312931 0.098276 0.029310 0.027586
1 0.275000 0.126724 0.022414 0.025862
1 0.362931 0.117241 0.029310 0.024138
1 0.402586 0.076724 0.036207 0.018966
1 0.410345 0.018103 0.031034 0.036206
1 0.249138 0.046552 0.036207 0.041379
1 0.239655 0.093103 0.037931 0.024138
1 0.177586 0.115517 0.051724 0.031034
1 0.249138 0.537931 0.043103 0.037931
1 0.278448 0.464655 0.039655 0.029310
1 0.330172 0.476724 0.036207 0.032759
1 0.484483 0.450862 0.034483 0.025862
1 0.623276 0.474138 0.029310 0.027586
1 0.654310 0.446552 0.025862 0.034483
1 0.732759 0.423276 0.031034 0.025862
1 0.590517 0.667241 0.025862 0.037931
1 0.618103 0.674138 0.025862 0.024138
1 0.629310 0.722414 0.024138 0.027586
1 0.664655 0.701724 0.029310 0.020690
1 0.666379 0.742241 0.025862 0.029310
1 0.709483 0.750000 0.032759 0.044828
1 0.729310 0.801724 0.024138 0.031034
1 0.757759 0.810345 0.032759 0.027586
1 0.854310 0.793103 0.032759 0.031034
1 0.808621 0.634483 0.020690 0.020690
1 0.767241 0.560345 0.041379 0.034483
1 0.893966 0.551724 0.036207 0.031034
1 0.067241 0.592241 0.044828 0.053448
1 0.234483 0.618103 0.041379 0.029310
1 0.253448 0.651724 0.041379 0.037931
1 0.093103 0.392241 0.041379 0.025862
1 0.060345 0.361207 0.041379 0.043103
1 0.094828 0.166379 0.037931 0.039655