1 0.205172 0.436207 0.044828 0.041379
1 0.253448 0.449138 0.044828 0.032759
1 0.265517 0.424138 0.034483 0.041379
1 0.300862 0.403448 0.032759 0.041379
1 0.341379 0.425000 0.031034 0.025862
1 0.337931 0.381897 0.031034 0.025862
1 0.336207 0.325000 0.037931 0.029310
1 0.496552 0.275862 0.031034 0.037931
1 0.486207 0.309483 0.037931 0.029310
1 0.193103 0.348276 0.034483 0.034483
1 0.163793 0.334483 0.034483 0.027586
1 0.122414 0.312931 0.027586 0.032759
1 0.150000 0.305172 0.034483 0.031034
1 0.077586 0.294828 0.027586 0.031034
1 0.043966 0.256034 0.036207 0.022414
1 0.102586 0.237931 0.022414 0.031034
1 0.074138 0.237931 0.034483 0.024138
1 0.069828 0.203448 0.025862 0.034483
1 0.039655 0.202586 0.034483 0.018966
1 0.041379 0.136207 0.017241 0.034483
1 0.032759 0.081897 0.020690 0.025862
1 0.143966 0.057759 0.025862 0.025862
1 0.169828 0.125862 0.032759 0.024138
1 0.200000 0.097414 0.037931 0.039655
1 0.192241 0.011207 0.018966 0.022414
1 0.148276 0.009483 0.031034 0.018966
1 0.260345 0.049138 0.044828 0.029310
1 0.289655 0.012931 0.024138 0.022414
1 0.231897 0.124138 0.022414 0.031034
1 0.247414 0.141379 0.043103 0.027586
1 0.276724 0.115517 0.029310 0.024138
1 0.306034 0.088793 0.029310 0.036207
1 0.337069 0.117241 0.036207 0.034483
1 0.359483 0.137931 0.025862 0.044828
1 0.356034 0.037069 0.022414 0.043103
1 0.319828 0.173276 0.025862 0.032759
1 0.283621 0.170690 0.018966 0.034483
1 0.233621 0.197414 0.025862 0.032759
1 0.252586 0.275862 0.025862 0.031034
1 0.226724 0.229310 0.036207 0.027586
1 0.178448 0.250862 0.029310 0.022414
1 0.219828 0.298276 0.029310 0.024138
1 0.305172 0.243966 0.024138 0.039655
1 0.276724 0.268966 0.029310 0.044828
1 0.368966 0.215517 0.027586 0.027586
1 0.306897 0.307759 0.034483 0.025862
1 0.162069 0.469828 0.027586 0.039655
1 0.125000 0.462069 0.032759 0.037931
1 0.080172 0.434483 0.036207 0.027586
1 0.012931 0.494828 0.025862 0.031034
1 0.050862 0.524138 0.029310 0.031034
1 0.094828 0.528448 0.034483 0.029310
1 0.106897 0.563793 0.024138 0.037931
1 0.131897 0.553448 0.032759 0.027586
1 0.132759 0.600862 0.037931 0.043103
1 0.151724 0.660345 0.031034 0.037931
1 0.081034 0.649138 0.027586 0.036207
1 0.075862 0.696552 0.034483 0.027586
1 0.057759 0.719828 0.029310 0.036207
1 0.025000 0.710345 0.025862 0.037931
1 0.010345 0.768103 0.020690 0.036207
1 0.035345 0.787931 0.029310 0.024138
1 0.117241 0.805172 0.041379 0.048276
1 0.114655 0.735345 0.032759 0.036207
1 0.062931 0.951724 0.043103 0.037931
1 0.105172 0.968103 0.041379 0.029310
1 0.144828 0.943966 0.041379 0.036207
1 0.175862 0.976724 0.048276 0.029310
1 0.216379 0.924138 0.029310 0.031034
1 0.251724 0.953448 0.037931 0.020690
1 0.262069 0.885345 0.031034 0.029310
1 0.312931 0.905172 0.043103 0.027586
1 0.327586 0.881897 0.034483 0.036207
1 0.361207 0.879310 0.032759 0.044828
1 0.383621 0.847414 0.046552 0.025862
1 0.406897 0.890517 0.037931 0.029310
1 0.487069 0.890517 0.036207 0.032759
1 0.505172 0.921552 0.041379 0.039655
1 0.485345 0.945690 0.036207 0.029310
1 0.447414 0.975862 0.039655 0.024138
1 0.578448 0.953448 0.018966 0.024138
1 0.509483 0.951724 0.025862 0.027586
1 0.568103 0.993103 0.025862 0.013793
1 0.192241 0.880172 0.032759 0.018966
1 0.232759 0.853448 0.037931 0.024138
1 0.218103 0.830172 0.039655 0.046552
1 0.181034 0.780172 0.031034 0.036207
1 0.209483 0.728448 0.036207 0.039655
1 0.307759 0.825862 0.036207 0.037931
1 0.386207 0.806034 0.024138 0.032759
1 0.620690 0.991379 0.027586 0.017241
1 0.637931 0.863793 0.037931 0.034483
1 0.712069 0.886207 0.034483 0.017241
1 0.708621 0.917241 0.027586 0.037931
1 0.746552 0.925862 0.034483 0.044828
1 0.720690 0.985345 0.048276 0.029310
1 0.824138 0.969828 0.041379 0.029310
1 0.960345 0.980172 0.027586 0.032759
1 0.969828 0.945690 0.029310 0.029310
1 0.944828 0.911207 0.020690 0.039655
1 0.893966 0.916379 0.025862 0.022414
1 0.922414 0.900000 0.017241 0.037931
1 0.969828 0.771552 0.032759 0.025862
1 0.990517 0.800000 0.018966 0.020690
1 0.910345 0.856034 0.031034 0.032759
1 0.905172 0.748276 0.031034 0.041379
1 0.881034 0.657759 0.034483 0.029310
1 0.971552 0.574138 0.022414 0.024138
1 0.946552 0.543966 0.034483 0.029310
1 0.971552 0.473276 0.036207 0.025862
1 0.925000 0.451724 0.025862 0.024138
1 0.983621 0.257759 0.032758 0.025862
1 0.962931 0.211207 0.032759 0.022414
1 0.893103 0.206034 0.034483 0.032759
1 0.927586 0.143103 0.034483 0.027586
1 0.914655 0.111207 0.043103 0.036207
1 0.950000 0.086207 0.024138 0.041379
1 0.899138 0.042241 0.025862 0.018966
1 0.895690 0.015517 0.046552 0.013793
1 0.844828 0.100862 0.024138 0.032759
1 0.803448 0.044828 0.031034 0.024138
1 0.863793 0.165517 0.034483 0.020690
1 0.832759 0.130172 0.034483 0.032759
1 0.785345 0.010345 0.032759 0.020690
1 0.709483 0.008621 0.036207 0.017241
1 0.724138 0.035345 0.024138 0.022414
1 0.678448 0.053448 0.022414 0.024138
1 0.749138 0.071552 0.050000 0.022414
1 0.522414 0.044828 0.034483 0.034483
1 0.449138 0.064655 0.029310 0.022414
1 0.437931 0.033621 0.041379 0.032759
1 0.412069 0.014655 0.041379 0.025862
1 0.436207 0.105172 0.027586 0.031034
1 0.485345 0.096552 0.025862 0.027586
1 0.529310 0.109483 0.020690 0.029310
1 0.574138 0.079310 0.031034 0.031034
1 0.604310 0.101724 0.029310 0.037931
1 0.589655 0.158621 0.031034 0.041379
1 0.502586 0.200000 0.022414 0.027586
1 0.528448 0.211207 0.025862 0.036207
1 0.540517 0.179310 0.032759 0.034483
1 0.466379 0.218103 0.029310 0.032759
1 0.440517 0.193103 0.032759 0.031034
1 0.436207 0.264655 0.024138 0.039655
1 0.408621 0.289655 0.034483 0.024138
1 0.373276 0.358621 0.029310 0.027586
1 0.347414 0.350862 0.039655 0.025862
1 0.408621 0.360345 0.027586 0.024138
1 0.440517 0.379310 0.025862 0.017241
1 0.445690 0.353448 0.022414 0.024138
1 0.441379 0.401724 0.020690 0.024138
1 0.397414 0.406034 0.022414 0.025862
1 0.390517 0.448276 0.025862 0.027586
1 0.476724 0.425000 0.018966 0.025862
1 0.440517 0.494828 0.025862 0.027586
1 0.458621 0.458621 0.027586 0.020690
1 0.479310 0.488793 0.024138 0.032759
1 0.296552 0.457759 0.024138 0.029310
1 0.325000 0.482759 0.029310 0.034483
1 0.187069 0.539655 0.029310 0.027586
1 0.227586 0.520690 0.041379 0.027586
1 0.265517 0.537069 0.041379 0.046552
1 0.220690 0.564655 0.024138 0.029310
1 0.218966 0.597414 0.031034 0.025862
1 0.240517 0.622414 0.025862 0.031034
1 0.213793 0.632759 0.031034 0.024138
1 0.214655 0.668103 0.036207 0.039655
1 0.300000 0.588793 0.024138 0.032759
1 0.332759 0.621552 0.027586 0.046552
1 0.312069 0.675862 0.024138 0.034483
1 0.343966 0.669828 0.039655 0.025862
1 0.359483 0.696552 0.025862 0.034483
1 0.413793 0.728448 0.037931 0.039655
1 0.430172 0.678448 0.036207 0.022414
1 0.370690 0.636207 0.027586 0.027586
1 0.399138 0.600000 0.025862 0.031034
1 0.433621 0.592241 0.036207 0.029310
1 0.480172 0.543966 0.029310 0.029310
1 0.499138 0.568103 0.036207 0.029310
1 0.538793 0.595690 0.032759 0.036207
1 0.488793 0.640517 0.032759 0.032759
1 0.535345 0.697414 0.029310 0.036207
1 0.552586 0.803448 0.032759 0.024138
1 0.600862 0.747414 0.032759 0.046552
1 0.622414 0.818966 0.041379 0.044828
1 0.639655 0.737931 0.027586 0.027586
1 0.694828 0.762069 0.024138 0.027586
1 0.674138 0.846552 0.017241 0.031034
1 0.706897 0.824138 0.044828 0.037931
1 0.758621 0.843966 0.031034 0.036207
1 0.743966 0.800862 0.025862 0.036207
1 0.712069 0.724138 0.024138 0.048276
1 0.640517 0.704310 0.025862 0.029310
1 0.617241 0.696552 0.034483 0.034483
1 0.773276 0.672414 0.032759 0.020690
1 0.799138 0.655172 0.032759 0.024138
1 0.833621 0.703448 0.029310 0.020690
1 0.813793 0.793103 0.037931 0.037931
1 0.863793 0.803448 0.027586 0.027586
1 0.852586 0.874138 0.018966 0.037931
1 0.804310 0.882759 0.043103 0.034483
1 0.720690 0.681897 0.027586 0.022414
1 0.725862 0.650000 0.024138 0.031034
1 0.651724 0.603448 0.020690 0.024138
1 0.707759 0.593966 0.032759 0.022414
1 0.763793 0.613793 0.020690 0.024138
1 0.772414 0.562069 0.024138 0.027586
1 0.848276 0.570690 0.027586 0.027586
1 0.900000 0.561207 0.031034 0.025862
1 0.878448 0.497414 0.025862 0.022414
1 0.876724 0.459483 0.032759 0.022414
1 0.821552 0.475862 0.025862 0.024138
1 0.831897 0.422414 0.032759 0.031034
1 0.807759 0.404310 0.036207 0.025862
1 0.772414 0.305172 0.034483 0.034483
1 0.806897 0.234483 0.031034 0.024138
1 0.771552 0.181034 0.029310 0.027586
1 0.772414 0.104310 0.031034 0.029310
1 0.798276 0.125000 0.027586 0.029310
1 0.686207 0.110345 0.031034 0.027586
1 0.673276 0.181897 0.032759 0.025862
1 0.693103 0.196552 0.024138 0.034483
1 0.651724 0.200862 0.037931 0.032759
1 0.650000 0.227586 0.024138 0.031034
1 0.615517 0.225862 0.034483 0.037931
1 0.557759 0.263793 0.036207 0.024138
1 0.582759 0.304310 0.027586 0.036207
1 0.605172 0.315517 0.031034 0.031034
1 0.648276 0.322414 0.024138 0.027586
1 0.702586 0.285345 0.022414 0.025862
1 0.650862 0.357759 0.032759 0.025862
1 0.673276 0.382759 0.032759 0.034483
1 0.696552 0.362069 0.034483 0.024138
1 0.689655 0.422414 0.037931 0.037931
1 0.757759 0.365517 0.029310 0.027586
1 0.777586 0.476724 0.034483 0.029310
1 0.815517 0.381034 0.020690 0.027586
1 0.725862 0.468966 0.037931 0.034483
1 0.740517 0.531897 0.029310 0.025862
1 0.714655 0.554310 0.036207 0.022414
1 0.664655 0.506034 0.029310 0.032759
1 0.623276 0.453448 0.025862 0.041379
1 0.597414 0.404310 0.018966 0.022414
1 0.586207 0.450000 0.017241 0.031034
1 0.541379 0.410345 0.031034 0.024138
1 0.557759 0.451724 0.022414 0.031034
1 0.528448 0.474138 0.022414 0.034483
1 0.545690 0.519828 0.032759 0.025862
1 0.608621 0.501724 0.034483 0.027586
1 0.567241 0.663793 0.027586 0.044828