1 0.924138 0.134483 0.024138 0.020690
1 0.887931 0.128448 0.027586 0.025862
1 0.856897 0.098276 0.027586 0.027586
1 0.862069 0.153448 0.034483 0.024138
1 0.878448 0.200000 0.036207 0.031034
1 0.950000 0.298276 0.031034 0.024138
1 0.912069 0.266379 0.017241 0.025862
1 0.876724 0.247414 0.022414 0.036207
1 0.889655 0.285345 0.031034 0.025862
1 0.879310 0.299138 0.044828 0.022414
1 0.904310 0.335345 0.029310 0.029310
1 0.931034 0.434483 0.031034 0.020690
1 0.963793 0.451724 0.031034 0.031034
1 0.943966 0.495690 0.032759 0.029310
1 0.946552 0.595690 0.024138 0.029310
1 0.922414 0.621552 0.044828 0.029310
1 0.897414 0.732759 0.032759 0.024138
1 0.962069 0.851724 0.031034 0.034483
1 0.984483 0.868966 0.031034 0.037931
1 0.700862 0.844828 0.032759 0.031034
1 0.673276 0.800862 0.032759 0.025862
1 0.716379 0.708621 0.029310 0.027586
1 0.690517 0.721552 0.015517 0.022414
1 0.670690 0.722414 0.013793 0.017241
1 0.664655 0.687931 0.025862 0.034483
1 0.706034 0.677586 0.025862 0.027586
1 0.831897 0.593966 0.032759 0.022414
1 0.879310 0.601724 0.031034 0.020690
1 0.882759 0.575862 0.024138 0.027586
1 0.838793 0.512931 0.022414 0.025862
1 0.868103 0.439655 0.025862 0.031034
1 0.835345 0.309483 0.022414 0.032759
1 0.815517 0.207759 0.037931 0.029310
1 0.805172 0.248276 0.027586 0.020690
1 0.806897 0.089655 0.020690 0.024138
1 0.845690 0.028448 0.022414 0.022414
1 0.881034 0.011207 0.020690 0.022414
1 0.756034 0.058621 0.039655 0.020690
1 0.708621 0.113793 0.027586 0.017241
1 0.705172 0.140517 0.027586 0.025862
1 0.729310 0.157759 0.041379 0.025862
1 0.744828 0.186207 0.031034 0.034483
1 0.738793 0.218966 0.039655 0.027586
1 0.707759 0.220690 0.032759 0.020690
1 0.749138 0.266379 0.022414 0.032759
1 0.783621 0.287931 0.025862 0.027586
1 0.731897 0.296552 0.025862 0.031034
1 0.706897 0.312069 0.031034 0.024138
1 0.714655 0.330172 0.032759 0.029310
1 0.784483 0.343966 0.027586 0.029310
1 0.769828 0.371552 0.029310 0.039655
1 0.800000 0.387931 0.024138 0.041379
1 0.760345 0.431897 0.027586 0.036207
1 0.771552 0.504310 0.029310 0.022414
1 0.710345 0.524138 0.037931 0.037931
1 0.731897 0.654310 0.025862 0.022414
1 0.829310 0.669828 0.031034 0.025862
1 0.797414 0.758621 0.022414 0.041379
1 0.755172 0.816379 0.024138 0.032759
1 0.754310 0.848276 0.029310 0.031034
1 0.791379 0.850000 0.027586 0.027586
1 0.857759 0.887069 0.025862 0.025862
1 0.841379 0.907759 0.041379 0.022414
1 0.730172 0.945690 0.025862 0.025862
1 0.693966 0.916379 0.036207 0.025862
1 0.657759 0.839655 0.025862 0.024138
1 0.629310 0.923276 0.027586 0.025862
1 0.606897 0.956034 0.034483 0.025862
1 0.647414 0.978448 0.025862 0.025862
1 0.584483 0.917241 0.031034 0.027586
1 0.505172 0.913793 0.027586 0.027586
1 0.477586 0.847414 0.027586 0.022414
1 0.501724 0.818966 0.031034 0.037931
1 0.581897 0.785345 0.029310 0.025862
1 0.562931 0.742241 0.032759 0.032759
1 0.574138 0.662931 0.027586 0.036207
1 0.618103 0.656034 0.025862 0.022414
1 0.617241 0.611207 0.017241 0.036207
1 0.594828 0.590517 0.027586 0.029310
1 0.631897 0.478448 0.032759 0.032759
1 0.668103 0.339655 0.029310 0.020690
1 0.671552 0.283621 0.032759 0.039655
1 0.656897 0.238793 0.041379 0.029310
1 0.617241 0.168103 0.027586 0.025862
1 0.604310 0.114655 0.025862 0.025862
1 0.597414 0.056034 0.029310 0.032759
1 0.642241 0.037931 0.032759 0.027586
1 0.651724 0.012069 0.037931 0.020690
1 0.513793 0.037069 0.024138 0.032759
1 0.585345 0.201724 0.039655 0.027586
1 0.608621 0.309483 0.048276 0.029310
1 0.583621 0.391379 0.032759 0.020690
1 0.618103 0.346552 0.025862 0.020690
1 0.537931 0.475862 0.034483 0.024138
1 0.526724 0.404310 0.025862 0.025862
1 0.552586 0.259483 0.025862 0.032759
1 0.523276 0.202586 0.018966 0.022414
1 0.490517 0.113793 0.018966 0.020690
1 0.495690 0.146552 0.025862 0.024138
1 0.468966 0.192241 0.027586 0.022414
1 0.462931 0.157759 0.029310 0.029310
1 0.422414 0.100000 0.020690 0.020690
1 0.437069 0.071552 0.029310 0.022414
1 0.483621 0.009483 0.032759 0.018966
1 0.463793 0.023276 0.024138 0.018966
1 0.412069 0.027586 0.034483 0.024138
1 0.355172 0.043103 0.034483 0.031034
1 0.390517 0.087931 0.025862 0.024138
1 0.403448 0.298276 0.034483 0.031034
1 0.455172 0.286207 0.037931 0.034483
1 0.393103 0.338793 0.031034 0.018966
1 0.410345 0.361207 0.020690 0.025862
1 0.409483 0.381034 0.025862 0.017241
1 0.377586 0.368103 0.024138 0.029310
1 0.337931 0.382759 0.034483 0.024138
1 0.368966 0.425862 0.027586 0.031034
1 0.390517 0.456897 0.022414 0.017241
1 0.351724 0.458621 0.024138 0.031034
1 0.311207 0.450000 0.032759 0.027586
1 0.287931 0.476724 0.027586 0.029310
1 0.264655 0.456034 0.029310 0.029310
1 0.242241 0.491379 0.025862 0.034483
1 0.218966 0.502586 0.024138 0.029310
1 0.183621 0.473276 0.039655 0.032759
1 0.157759 0.509483 0.022414 0.018966
1 0.134483 0.440517 0.017241 0.029310
1 0.114655 0.437069 0.029310 0.015517
1 0.095690 0.419828 0.022414 0.022414
1 0.093966 0.456034 0.032759 0.022414
1 0.122414 0.360345 0.017241 0.037931
1 0.085345 0.368103 0.029310 0.018966
1 0.065517 0.346552 0.027586 0.020690
1 0.021552 0.304310 0.025862 0.025862
1 0.012931 0.338793 0.022414 0.025862
1 0.022414 0.424138 0.027586 0.024138
1 0.061207 0.474138 0.025862 0.027586
1 0.033621 0.500000 0.022414 0.027586
1 0.047414 0.535345 0.032759 0.025862
1 0.074138 0.526724 0.024138 0.025862
1 0.125862 0.554310 0.024138 0.029310
1 0.151724 0.629310 0.024138 0.020690
1 0.195690 0.615517 0.022414 0.017241
1 0.163793 0.603448 0.024138 0.031034
1 0.242241 0.552586 0.015517 0.022414
1 0.229310 0.546552 0.027586 0.027586
1 0.270690 0.534483 0.020690 0.037931
1 0.301724 0.530172 0.013793 0.025862
1 0.332759 0.525862 0.024138 0.017241
1 0.425000 0.501724 0.022414 0.020690
1 0.255172 0.381034 0.024138 0.027586
1 0.182759 0.327586 0.020690 0.044828
1 0.145690 0.337069 0.039655 0.036207
1 0.150862 0.312069 0.032759 0.027586
1 0.239655 0.300000 0.024138 0.027586
1 0.225000 0.280172 0.032759 0.018966
1 0.206034 0.264655 0.029310 0.022414
1 0.247414 0.250862 0.029310 0.029310
1 0.291379 0.246552 0.027586 0.037931
1 0.210345 0.225862 0.034483 0.027586
1 0.178448 0.270690 0.036207 0.037931
1 0.109483 0.279310 0.032759 0.044828
1 0.094828 0.193966 0.027586 0.029310
1 0.042241 0.219828 0.036207 0.032759
1 0.043103 0.192241 0.037931 0.039655
1 0.309483 0.077586 0.025862 0.031034
1 0.336207 0.093966 0.031034 0.025862
1 0.237931 0.056897 0.034483 0.024138
1 0.250862 0.028448 0.032759 0.032759
1 0.162069 0.061207 0.041379 0.032759
1 0.182759 0.169828 0.034483 0.043103
1 0.269828 0.162931 0.029310 0.029310
1 0.125862 0.159483 0.041379 0.032759
1 0.143103 0.131034 0.027586 0.027586
1 0.125000 0.111207 0.029310 0.032759
1 0.081897 0.107759 0.025862 0.025862
1 0.027586 0.114655 0.041379 0.025862
1 0.018103 0.086207 0.036206 0.031034
1 0.015517 0.012069 0.024138 0.024138
1 0.352586 0.575000 0.043103 0.032759
1 0.365517 0.620690 0.031034 0.034483
1 0.418966 0.613793 0.031034 0.027586
1 0.325862 0.610345 0.034483 0.020690
1 0.253448 0.594828 0.024138 0.027586
1 0.258621 0.705172 0.027586 0.034483
1 0.300000 0.699138 0.027586 0.022414
1 0.318966 0.672414 0.031034 0.024138
1 0.339655 0.704310 0.027586 0.029310
1 0.352586 0.785345 0.025862 0.025862
1 0.419828 0.725862 0.025862 0.024138
1 0.406034 0.696552 0.032759 0.034483
1 0.465517 0.704310 0.027586 0.025862
1 0.477586 0.680172 0.027586 0.025862
1 0.506034 0.628448 0.043103 0.022414
1 0.521552 0.656034 0.032759 0.022414
1 0.489655 0.562069 0.027586 0.041379
1 0.767241 0.538793 0.024138 0.029310
1 0.703448 0.559483 0.027586 0.032759
1 0.681897 0.468966 0.036207 0.024138
1 0.211207 0.667241 0.032759 0.031034
1 0.127586 0.650862 0.024138 0.032759
1 0.084483 0.643966 0.037931 0.029310
1 0.062931 0.622414 0.025862 0.034483
1 0.018966 0.611207 0.020690 0.029310
1 0.020690 0.668966 0.024138 0.031034
1 0.038793 0.696552 0.029310 0.034483
1 0.075000 0.687069 0.032759 0.039655
1 0.136207 0.731034 0.031034 0.034483
1 0.064655 0.785345 0.039655 0.039655
1 0.010345 0.804310 0.020690 0.032759
1 0.112069 0.811207 0.034483 0.036207
1 0.143103 0.843103 0.034483 0.037931
1 0.091379 0.860345 0.027586 0.048276
1 0.042241 0.890517 0.036207 0.039655
1 0.075000 0.950862 0.036207 0.036207
1 0.112069 0.933621 0.041379 0.029310
1 0.206034 0.963793 0.056897 0.037931
1 0.284483 0.941379 0.037931 0.034483
1 0.273276 0.884483 0.025862 0.034483
1 0.268966 0.861207 0.027586 0.036207
1 0.174138 0.783621 0.041379 0.025862
1 0.425862 0.792241 0.037931 0.032759
1 0.445690 0.761207 0.029310 0.029310
1 0.478448 0.732759 0.032759 0.027586
1 0.375000 0.886207 0.050000 0.044828