1 0.194828 0.109483 0.041379 0.029310
1 0.290517 0.105172 0.022414 0.027586
1 0.114655 0.167241 0.036207 0.027586
1 0.148276 0.191379 0.031034 0.027586
1 0.198276 0.155172 0.031034 0.024138
1 0.238793 0.191379 0.032759 0.027586
1 0.274138 0.204310 0.024138 0.029310
1 0.257759 0.238793 0.029310 0.022414
1 0.318966 0.218966 0.051724 0.034483
1 0.552586 0.174138 0.039655 0.034483
1 0.626724 0.177586 0.050000 0.051724
1 0.718966 0.164655 0.048276 0.032759
1 0.781034 0.047414 0.051724 0.053448
1 0.925000 0.076724 0.036207 0.060345
1 0.915517 0.149138 0.034483 0.025862
1 0.874138 0.142241 0.048276 0.039655
1 0.850862 0.404310 0.039655 0.029310
1 0.835345 0.484483 0.029310 0.048276
1 0.884483 0.664655 0.027586 0.032759
1 0.927586 0.582759 0.034483 0.044828
1 0.735345 0.553448 0.039655 0.037931
1 0.842241 0.962931 0.043103 0.050000
1 0.666379 0.916379 0.025862 0.039655
1 0.583621 0.925000 0.063793 0.022414
1 0.534483 0.904310 0.034483 0.032759
1 0.313793 0.823276 0.027586 0.050000
1 0.337931 0.829310 0.034483 0.031034
1 0.274138 0.578448 0.034483 0.032759
1 0.279310 0.522414 0.027586 0.037931
1 0.355172 0.491379 0.034483 0.027586
1 0.361207 0.525862 0.029310 0.034483
1 0.396552 0.547414 0.031034 0.039655
1 0.425000 0.567241 0.032759 0.044828