1 0.363793 0.100000 0.048276 0.037931
1 0.509483 0.094828 0.029310 0.048276
1 0.625000 0.090517 0.025862 0.029310
1 0.676724 0.125000 0.032759 0.032759
1 0.712069 0.122414 0.034483 0.031034
1 0.750000 0.145690 0.034483 0.032759
1 0.759483 0.191379 0.039655 0.034483
1 0.816379 0.203448 0.032759 0.031034
1 0.806897 0.256034 0.041379 0.039655
1 0.845690 0.234483 0.025862 0.031034
1 0.871552 0.258621 0.025862 0.048276
1 0.923276 0.221552 0.032759 0.039655
1 0.939655 0.250000 0.041379 0.051724
1 0.965517 0.289655 0.027586 0.037931
1 0.819828 0.297414 0.067241 0.025862
1 0.881034 0.331897 0.037931 0.036207
1 0.931897 0.336207 0.029310 0.024138
1 0.864655 0.366379 0.039655 0.025862
1 0.906897 0.446552 0.031034 0.024138
1 0.643103 0.408621 0.031034 0.031034
1 0.573276 0.299138 0.039655 0.029310
1 0.543966 0.321552 0.029310 0.036207
1 0.485345 0.330172 0.029310 0.032759
1 0.411207 0.385345 0.032759 0.039655
1 0.316379 0.387069 0.039655 0.025862
1 0.320690 0.456897 0.034483 0.034483
1 0.406034 0.450000 0.039655 0.034483
1 0.451724 0.462931 0.031034 0.036207
1 0.487069 0.482759 0.036207 0.031034
1 0.529310 0.461207 0.034483 0.029310
1 0.373276 0.501724 0.036207 0.027586
1 0.257759 0.529310 0.029310 0.037931
1 0.270690 0.467241 0.031034 0.031034
1 0.113793 0.487069 0.037931 0.039655
1 0.091379 0.523276 0.027586 0.046552
1 0.061207 0.543966 0.039655 0.050000
1 0.093103 0.569828 0.031034 0.036207
1 0.125000 0.593966 0.032759 0.039655
1 0.150862 0.612069 0.039655 0.037931