1 0.011207 0.044828 0.022414 0.037931
1 0.077586 0.128448 0.034483 0.056897
1 0.038793 0.212931 0.032759 0.043103
1 0.012931 0.337931 0.025862 0.044828
1 0.043966 0.308621 0.046552 0.041379
1 0.011207 0.465517 0.022414 0.034483
1 0.027586 0.708621 0.027586 0.037931
1 0.018966 0.755172 0.024138 0.048276
1 0.047414 0.874138 0.036207 0.034483
1 0.113793 0.135345 0.027586 0.036207
1 0.110345 0.208621 0.034483 0.051724
1 0.094828 0.270690 0.034483 0.041379
1 0.118966 0.327586 0.037931 0.051724
1 0.104310 0.380172 0.025862 0.046552
1 0.103448 0.468103 0.031034 0.039655
1 0.146552 0.644828 0.034483 0.041379
1 0.143966 0.503448 0.032759 0.031034
1 0.168966 0.545690 0.034483 0.036207
1 0.181897 0.686207 0.032759 0.034483
1 0.162931 0.735345 0.029310 0.039655
1 0.080172 0.759483 0.025862 0.036207
1 0.081034 0.812931 0.034483 0.036207
1 0.094828 0.868103 0.034483 0.036207
1 0.081897 0.909483 0.025862 0.039655
1 0.107759 0.922414 0.029310 0.024138
1 0.121552 0.958621 0.036207 0.027586
1 0.200000 0.912931 0.041379 0.032759
1 0.208621 0.938793 0.027586 0.029310
1 0.238793 0.934483 0.029310 0.034483
1 0.267241 0.938793 0.031034 0.032759
1 0.284483 0.909483 0.020690 0.036207
1 0.312069 0.906034 0.024138 0.036207
1 0.322414 0.859483 0.031034 0.029310
1 0.208621 0.801724 0.031034 0.031034
1 0.206034 0.778448 0.032759 0.022414
1 0.244828 0.770690 0.031034 0.034483
1 0.273276 0.711207 0.022414 0.025862
1 0.247414 0.697414 0.029310 0.036207
1 0.230172 0.677586 0.025862 0.031034
1 0.230172 0.558621 0.032759 0.041379
1 0.328448 0.715517 0.025862 0.031034
1 0.283621 0.550000 0.032759 0.020690
1 0.173276 0.476724 0.036207 0.025862
1 0.300862 0.419828 0.036207 0.022414
1 0.240517 0.299138 0.025862 0.029310
1 0.151724 0.231034 0.027586 0.027586
1 0.200862 0.150862 0.032759 0.029310
1 0.314655 0.087069 0.025862 0.029310
1 0.339655 0.105172 0.027586 0.027586
1 0.360345 0.090517 0.031034 0.029310
1 0.373276 0.275862 0.032759 0.041379
1 0.431034 0.771552 0.037931 0.036207
1 0.410345 0.823276 0.024138 0.036207
1 0.454310 0.841379 0.032759 0.034483
1 0.356034 0.941379 0.032759 0.027586
1 0.399138 0.887069 0.032759 0.032759
1 0.404310 0.929310 0.025862 0.027586
1 0.406897 0.975000 0.031034 0.025862
1 0.440517 0.917241 0.025862 0.031034
1 0.465517 0.937931 0.037931 0.034483
1 0.490517 0.840517 0.025862 0.032759
1 0.504310 0.729310 0.036207 0.027586
1 0.476724 0.737931 0.032759 0.027586
1 0.458621 0.704310 0.041379 0.036207
1 0.422414 0.678448 0.037931 0.029310
1 0.426724 0.637069 0.036207 0.032759
1 0.420690 0.596552 0.027586 0.034483
1 0.376724 0.599138 0.036207 0.036207
1 0.389655 0.500862 0.031034 0.032759
1 0.425000 0.163793 0.029310 0.031034
1 0.457759 0.108621 0.029310 0.027586
1 0.493103 0.077586 0.027586 0.020690
1 0.500000 0.146552 0.034483 0.034483
1 0.495690 0.196552 0.029310 0.041379
1 0.558621 0.128448 0.031034 0.039655
1 0.522414 0.102586 0.031034 0.029310
1 0.211207 0.013793 0.036207 0.027586
1 0.607759 0.266379 0.022414 0.043103
1 0.550862 0.234483 0.032759 0.034483
1 0.510345 0.445690 0.034483 0.046552
1 0.469828 0.508621 0.039655 0.034483
1 0.448276 0.535345 0.027586 0.039655
1 0.387069 0.472414 0.036207 0.024138
1 0.567241 0.493103 0.024138 0.031034
1 0.568103 0.531034 0.036207 0.027586
1 0.611207 0.375862 0.050000 0.024138
1 0.612931 0.347414 0.036207 0.029310
1 0.570690 0.426724 0.024138 0.022414
1 0.583621 0.409483 0.036207 0.029310
1 0.641379 0.574138 0.031034 0.041379
1 0.575000 0.635345 0.022414 0.039655
1 0.523276 0.644828 0.036207 0.037931
1 0.577586 0.768103 0.027586 0.039655
1 0.544828 0.806897 0.027586 0.027586
1 0.569828 0.862931 0.029310 0.032759
1 0.618103 0.875862 0.036207 0.041379
1 0.607759 0.933621 0.032759 0.029310
1 0.602586 0.969828 0.039655 0.036207
1 0.512931 0.963793 0.032759 0.037931
1 0.652586 0.988793 0.039655 0.018966
1 0.668103 0.929310 0.029310 0.027586
1 0.664655 0.462931 0.032759 0.036207
1 0.781897 0.624138 0.039655 0.034483
1 0.710345 0.628448 0.020690 0.029310
1 0.739655 0.649138 0.031034 0.029310
1 0.731034 0.688793 0.027586 0.032759
1 0.764655 0.699138 0.025862 0.022414
1 0.725000 0.714655 0.029310 0.018966
1 0.693966 0.702586 0.025862 0.025862
1 0.714655 0.744828 0.029310 0.031034
1 0.685345 0.790517 0.032759 0.032759
1 0.727586 0.778448 0.037931 0.022414
1 0.607759 0.742241 0.029310 0.022414
1 0.758621 0.881897 0.017241 0.029310
1 0.736207 0.870690 0.024138 0.027586
1 0.731034 0.942241 0.034483 0.043103
1 0.812931 0.806034 0.032759 0.053448
1 0.849138 0.913793 0.025862 0.024138
1 0.838793 0.939655 0.029310 0.020690
1 0.836207 0.990517 0.034483 0.018966
1 0.905172 0.951724 0.031034 0.037931
1 0.936207 0.918103 0.027586 0.039655
1 0.972414 0.973276 0.024138 0.036207
1 0.971552 0.908621 0.029310 0.020690
1 0.986207 0.923276 0.027586 0.025862
1 0.929310 0.880172 0.031034 0.022414
1 0.943103 0.855172 0.024138 0.020690
1 0.890517 0.839655 0.022414 0.020690
1 0.903448 0.823276 0.024138 0.022414
1 0.934483 0.812931 0.020690 0.022414
1 0.975862 0.812931 0.024138 0.029310
1 0.931897 0.776724 0.025862 0.025862
1 0.906897 0.768103 0.034483 0.029310
1 0.860345 0.775000 0.031034 0.029310
1 0.872414 0.725862 0.027586 0.027586
1 0.904310 0.693103 0.043103 0.031034
1 0.920690 0.637069 0.041379 0.036207
1 0.887069 0.596552 0.022414 0.031034
1 0.832759 0.601724 0.034483 0.020690
1 0.832759 0.506034 0.034483 0.036207
1 0.737931 0.506897 0.031034 0.031034
1 0.769828 0.502586 0.036207 0.029310
1 0.783621 0.448276 0.029310 0.031034
1 0.742241 0.452586 0.025862 0.025862
1 0.723276 0.409483 0.029310 0.032759
1 0.721552 0.337931 0.036207 0.027586
1 0.825000 0.347414 0.032759 0.036207
1 0.793966 0.354310 0.036207 0.025862
1 0.893966 0.316379 0.039655 0.029310
1 0.937069 0.343103 0.029310 0.048276
1 0.898276 0.437069 0.037931 0.032759
1 0.872414 0.469828 0.027586 0.032759
1 0.823276 0.231897 0.036207 0.043103
1 0.718966 0.299138 0.041379 0.032759
1 0.669828 0.306897 0.032759 0.020690
1 0.661207 0.284483 0.025862 0.034483
1 0.700000 0.162931 0.034483 0.022414
1 0.706897 0.140517 0.024138 0.022414
1 0.732759 0.175000 0.024138 0.032759
1 0.787931 0.116379 0.037931 0.046552
1 0.873276 0.103448 0.029310 0.031034
1 0.914655 0.140517 0.032759 0.032759
1 0.949138 0.189655 0.025862 0.013793
1 0.946552 0.167241 0.031034 0.020690
1 0.973276 0.181897 0.025862 0.025862
1 0.947414 0.038793 0.032759 0.036207
1 0.921552 0.031034 0.029310 0.031034
1 0.957759 0.083621 0.032759 0.036207
1 0.958621 0.236207 0.024138 0.034483
1 0.986207 0.257759 0.024138 0.036207
1 0.981034 0.319828 0.031034 0.036207
1 0.956897 0.462931 0.031034 0.018966
1 0.955172 0.497414 0.027586 0.025862
1 0.958621 0.529310 0.034483 0.037931
1 0.857759 0.440517 0.029310 0.032759
1 0.706897 0.065517 0.027586 0.031034
1 0.675000 0.095690 0.032759 0.029310
1 0.622414 0.106897 0.024138 0.027586
1 0.608621 0.071552 0.044828 0.022414
1 0.587931 0.092241 0.034483 0.029310
1 0.631034 0.146552 0.024138 0.031034
1 0.663793 0.211207 0.037931 0.029310
1 0.850000 0.037931 0.031034 0.027586
1 0.864655 0.076724 0.032759 0.029310
1 0.859483 0.192241 0.039655 0.032759
1 0.875862 0.165517 0.037931 0.034483
1 0.752586 0.741379 0.029310 0.031034
1 0.601724 0.035345 0.037931 0.039655
1 0.381897 0.625862 0.032759 0.027586
1 0.255172 0.212069 0.020690 0.031034
1 0.219828 0.248276 0.029310 0.037931