1 0.197414 0.417241 0.025862 0.037931
1 0.245690 0.380172 0.036207 0.036207
1 0.269828 0.354310 0.029310 0.036207
1 0.395690 0.250862 0.018966 0.050000
1 0.455172 0.249138 0.041379 0.036207
1 0.572414 0.200000 0.037931 0.031034
1 0.640517 0.177586 0.029310 0.034483
1 0.788793 0.316379 0.029310 0.025862
1 0.861207 0.272414 0.036207 0.031034
1 0.874138 0.470690 0.037931 0.044828
1 0.949138 0.843103 0.032759 0.031034
1 0.888793 0.852586 0.029310 0.036207
1 0.771552 0.814655 0.039655 0.032759
1 0.751724 0.660345 0.031034 0.034483
1 0.818966 0.602586 0.031034 0.025862
1 0.137931 0.073276 0.017241 0.022414
1 0.155172 0.028448 0.024138 0.036207
1 0.162931 0.536207 0.036207 0.031034
1 0.114655 0.687931 0.025862 0.031034
1 0.075862 0.787931 0.027586 0.037931
1 0.143966 0.986207 0.025862 0.027586
1 0.716379 0.140517 0.025862 0.029310
1 0.977586 0.101724 0.027586 0.027586
1 0.933621 0.303448 0.025862 0.024138
1 0.599138 0.484483 0.036207 0.024138
1 0.395690 0.460345 0.025862 0.020690