1 0.956897 0.021552 0.031034 0.036207
1 0.959483 0.086207 0.036207 0.037931
1 0.973276 0.134483 0.039655 0.051724
1 0.943103 0.153448 0.020690 0.034483
1 0.968966 0.327586 0.031034 0.044828
1 0.968103 0.407759 0.032759 0.029310
1 0.962931 0.437069 0.029310 0.025862
1 0.969828 0.725862 0.022414 0.031034
1 0.962069 0.750000 0.024138 0.031034
1 0.937931 0.823276 0.027586 0.039655
1 0.950000 0.950000 0.027586 0.031034
1 0.900000 0.901724 0.031034 0.041379
1 0.901724 0.962931 0.024138 0.032759
1 0.899138 0.785345 0.032759 0.046552
1 0.914655 0.572414 0.025862 0.024138
1 0.917241 0.475862 0.034483 0.027586
1 0.912931 0.452586 0.039655 0.025862
1 0.906034 0.340517 0.025862 0.029310
1 0.907759 0.316379 0.032759 0.029310
1 0.888793 0.243966 0.032759 0.039655
1 0.866379 0.312931 0.025862 0.018966
1 0.873276 0.288793 0.039655 0.036207
1 0.893966 0.082759 0.029310 0.055172
1 0.842241 0.178448 0.029310 0.029310
1 0.829310 0.232759 0.031034 0.031034
1 0.857759 0.031034 0.025862 0.024138
1 0.880172 0.516379 0.036207 0.032759
1 0.875862 0.539655 0.031034 0.031034
1 0.858621 0.574138 0.027586 0.041379
1 0.848276 0.769828 0.024138 0.022414
1 0.868966 0.789655 0.027586 0.031034
1 0.833621 0.793966 0.032759 0.025862
1 0.826724 0.768966 0.029310 0.024138
1 0.826724 0.834483 0.029310 0.027586
1 0.827586 0.874138 0.031034 0.037931
1 0.807759 0.961207 0.029310 0.036207
1 0.755172 0.913793 0.027586 0.037931
1 0.739655 0.859483 0.027586 0.032759
1 0.775000 0.735345 0.029310 0.039655
1 0.806034 0.687069 0.018966 0.022414
1 0.791379 0.678448 0.024138 0.022414
1 0.799138 0.645690 0.022414 0.029310
1 0.788793 0.592241 0.022414 0.029310
1 0.837069 0.514655 0.029310 0.039655
1 0.789655 0.434483 0.034483 0.027586
1 0.783621 0.405172 0.032759 0.024138
1 0.777586 0.262069 0.027586 0.041379
1 0.807759 0.038793 0.022414 0.029310
1 0.783621 0.037069 0.025862 0.029310
1 0.777586 0.062069 0.027586 0.037931
1 0.745690 0.634483 0.036207 0.034483
1 0.756034 0.575862 0.022414 0.031034
1 0.733621 0.708621 0.029310 0.024138
1 0.718966 0.681034 0.027586 0.034483
1 0.707759 0.628448 0.036207 0.043103
1 0.717241 0.755172 0.031034 0.034483
1 0.688793 0.909483 0.029310 0.022414
1 0.688793 0.944828 0.022414 0.034483
1 0.649138 0.927586 0.039655 0.034483
1 0.599138 0.898276 0.043103 0.037931
1 0.613793 0.775862 0.027586 0.027586
1 0.657759 0.684483 0.036207 0.031034
1 0.693103 0.484483 0.044828 0.034483
1 0.645690 0.509483 0.025862 0.025862
1 0.738793 0.126724 0.032759 0.029310
1 0.739655 0.175000 0.027586 0.036207
1 0.747414 0.309483 0.022414 0.032759
1 0.727586 0.325000 0.024138 0.022414
1 0.738793 0.266379 0.022414 0.022414
1 0.664655 0.296552 0.025862 0.031034
1 0.659483 0.230172 0.039655 0.029310
1 0.702586 0.274138 0.022414 0.024138
1 0.678448 0.505172 0.032759 0.024138
1 0.662069 0.472414 0.031034 0.048276
1 0.718103 0.504310 0.022414 0.032759
1 0.641379 0.617241 0.031034 0.027586
1 0.638793 0.576724 0.025862 0.025862
1 0.640517 0.547414 0.025862 0.018966
1 0.545690 0.531897 0.025862 0.046552
1 0.687931 0.071552 0.027586 0.032759
1 0.669828 0.133621 0.025862 0.025862
1 0.677586 0.179310 0.020690 0.027586
1 0.710345 0.199138 0.027586 0.036207
1 0.636207 0.362069 0.027586 0.031034
1 0.611207 0.378448 0.022414 0.036207
1 0.600000 0.434483 0.024138 0.044828
1 0.697414 0.812931 0.032759 0.032759
1 0.632759 0.041379 0.020690 0.037931
1 0.631897 0.096552 0.029310 0.024138
1 0.635345 0.140517 0.032759 0.029310
1 0.621552 0.205172 0.022414 0.031034
1 0.586207 0.316379 0.031034 0.025862
1 0.555172 0.376724 0.041379 0.043103
1 0.538793 0.426724 0.039655 0.036207
1 0.547414 0.450000 0.025862 0.034483
1 0.611207 0.541379 0.032759 0.034483
1 0.598276 0.619828 0.034483 0.029310
1 0.601724 0.710345 0.031034 0.034483
1 0.575000 0.818966 0.032759 0.037931
1 0.556897 0.896552 0.031034 0.034483
1 0.558621 0.929310 0.031034 0.048276
1 0.509483 0.828448 0.036207 0.022414
1 0.549138 0.768103 0.036207 0.022414
1 0.558621 0.743103 0.024138 0.031034
1 0.546552 0.648276 0.044828 0.044828
1 0.515517 0.627586 0.034483 0.027586
1 0.528448 0.560345 0.029310 0.031034
1 0.589655 0.217241 0.020690 0.031034
1 0.581034 0.112931 0.020690 0.029310
1 0.599138 0.085345 0.025862 0.022414
1 0.586207 0.053448 0.024138 0.024138
1 0.563793 0.047414 0.037931 0.029310
1 0.487069 0.042241 0.032759 0.029310
1 0.500000 0.020690 0.037931 0.041379
1 0.542241 0.018966 0.032759 0.027586
1 0.550862 0.151724 0.032759 0.034483
1 0.519828 0.234483 0.036207 0.037931
1 0.447414 0.333621 0.032759 0.032759
1 0.482759 0.256034 0.031034 0.039655
1 0.488793 0.145690 0.029310 0.032759
1 0.501724 0.112069 0.037931 0.024138
1 0.519828 0.148276 0.015517 0.048276
1 0.499138 0.087931 0.039655 0.027586
1 0.443966 0.117241 0.029310 0.027586
1 0.418966 0.105172 0.037931 0.027586
1 0.446552 0.206897 0.037931 0.037931
1 0.403448 0.329310 0.027586 0.031034
1 0.427586 0.307759 0.041379 0.036207
1 0.475862 0.498276 0.034483 0.037931
1 0.412931 0.457759 0.043103 0.046552
1 0.391379 0.414655 0.037931 0.032759
1 0.462069 0.588793 0.037931 0.032759
1 0.443966 0.636207 0.036207 0.041379
1 0.423276 0.595690 0.043103 0.036207
1 0.502586 0.708621 0.036207 0.027586
1 0.526724 0.735345 0.036207 0.032759
1 0.487069 0.771552 0.032759 0.043103
1 0.460345 0.739655 0.031034 0.031034
1 0.448276 0.708621 0.017241 0.027586
1 0.418103 0.689655 0.025862 0.034483
1 0.473276 0.825000 0.025862 0.018966
1 0.466379 0.850862 0.039655 0.036207
1 0.468103 0.929310 0.025862 0.048276
1 0.413793 0.813793 0.044828 0.031034
1 0.400000 0.743966 0.031034 0.036207
1 0.388793 0.711207 0.025862 0.029310
1 0.362069 0.711207 0.024138 0.015517
1 0.359483 0.681897 0.022414 0.022414
1 0.390517 0.631897 0.032759 0.032759
1 0.348276 0.654310 0.031034 0.032759
1 0.358621 0.594828 0.027586 0.027586
1 0.366379 0.755172 0.036207 0.037931
1 0.396552 0.855172 0.020690 0.034483
1 0.397414 0.899138 0.029310 0.029310
1 0.380172 0.915517 0.025862 0.031034
1 0.385345 0.954310 0.036207 0.029310
1 0.343103 0.845690 0.037931 0.036207
1 0.339655 0.984483 0.031034 0.031034
1 0.367241 0.297414 0.027586 0.025862
1 0.347414 0.254310 0.036207 0.029310
1 0.330172 0.189655 0.029310 0.024138
1 0.355172 0.067241 0.034483 0.041379
1 0.318103 0.149138 0.025862 0.025862
1 0.336207 0.026724 0.027586 0.036207
1 0.306897 0.290517 0.041379 0.032759
1 0.332759 0.385345 0.020690 0.039655
1 0.308621 0.354310 0.027586 0.025862
1 0.303448 0.408621 0.027586 0.031034
1 0.268966 0.372414 0.027586 0.027586
1 0.279310 0.326724 0.027586 0.032759
1 0.313793 0.581034 0.034483 0.034483
1 0.283621 0.447414 0.025862 0.039655
1 0.249138 0.521552 0.032759 0.043103
1 0.287931 0.640517 0.055172 0.043103
1 0.306034 0.693103 0.032759 0.034483
1 0.288793 0.794828 0.029310 0.027586
1 0.305172 0.898276 0.024138 0.034483
1 0.299138 0.937931 0.032759 0.037931
1 0.268103 0.916379 0.025862 0.025862
1 0.269828 0.860345 0.025862 0.031034
1 0.264655 0.773276 0.018966 0.039655
1 0.250862 0.741379 0.032759 0.044828
1 0.248276 0.703448 0.024138 0.037931
1 0.272414 0.225000 0.024138 0.022414
1 0.286207 0.159483 0.034483 0.029310
1 0.287931 0.130172 0.027586 0.029310
1 0.285345 0.093966 0.032759 0.029310
1 0.306897 0.047414 0.041379 0.036207
1 0.239655 0.039655 0.024138 0.048276
1 0.222414 0.038793 0.027586 0.046552
1 0.192241 0.045690 0.022414 0.043103
1 0.248276 0.164655 0.024138 0.032759
1 0.263793 0.277586 0.031034 0.034483
1 0.208621 0.362069 0.031034 0.034483
1 0.195690 0.295690 0.029310 0.029310
1 0.223276 0.229310 0.029310 0.037931
1 0.187069 0.148276 0.015517 0.041379
1 0.216379 0.134483 0.025862 0.034483
1 0.217241 0.509483 0.031034 0.039655
1 0.203448 0.695690 0.027586 0.036207
1 0.226724 0.819828 0.029310 0.025862
1 0.201724 0.875000 0.037931 0.032759
1 0.168966 0.945690 0.034483 0.046552
1 0.141379 0.849138 0.027586 0.036207
1 0.170690 0.776724 0.024138 0.032759
1 0.149138 0.743103 0.022414 0.037931
1 0.108621 0.351724 0.034483 0.041379
1 0.128448 0.288793 0.025862 0.025862
1 0.155172 0.236207 0.027586 0.031034
1 0.112069 0.212069 0.034483 0.044828
1 0.106897 0.131034 0.034483 0.024138
1 0.074138 0.023276 0.034483 0.032759
1 0.077586 0.272414 0.037931 0.037931
1 0.058621 0.341379 0.027586 0.017241
1 0.053448 0.372414 0.013793 0.024138
1 0.083621 0.375000 0.018966 0.039655
1 0.140517 0.429310 0.022414 0.034483
1 0.154310 0.491379 0.036207 0.024138
1 0.144828 0.523276 0.024138 0.029310
1 0.119828 0.423276 0.039655 0.032759
1 0.093966 0.485345 0.029310 0.015517
1 0.061207 0.418103 0.022414 0.036207
1 0.033621 0.407759 0.036207 0.032759
1 0.030172 0.295690 0.015517 0.029310
1 0.012069 0.124138 0.024138 0.031034
1 0.076724 0.593103 0.018966 0.020690
1 0.040517 0.615517 0.015517 0.020690
1 0.021552 0.583621 0.029310 0.043103
1 0.009483 0.026724 0.018966 0.025862
1 0.099138 0.671552 0.029310 0.018966
1 0.079310 0.714655 0.027586 0.032759
1 0.036207 0.726724 0.037931 0.029310
1 0.029310 0.800000 0.027586 0.044828
1 0.023276 0.858621 0.036207 0.031034
1 0.107759 0.886207 0.029310 0.024138
1 0.124138 0.925000 0.027586 0.043103
1 0.081897 0.930172 0.032759 0.025862