1 0.385345 0.083621 0.063793 0.050000
1 0.477586 0.164655 0.048276 0.050000
1 0.517241 0.315517 0.044828 0.044828
1 0.552586 0.340517 0.036207 0.025862
1 0.586207 0.373276 0.044828 0.036207
1 0.618103 0.399138 0.036207 0.043103
1 0.625000 0.433621 0.029310 0.043103
1 0.675000 0.431897 0.036207 0.036207
1 0.694828 0.475862 0.037931 0.034483
1 0.711207 0.506034 0.032759 0.032759
1 0.732759 0.538793 0.031034 0.036207
1 0.774138 0.515517 0.044828 0.044828
1 0.831034 0.586207 0.024138 0.037931
1 0.793966 0.605172 0.039655 0.031034
1 0.778448 0.668966 0.029310 0.037931
1 0.825000 0.708621 0.032759 0.037931
1 0.872414 0.705172 0.027586 0.041379
1 0.856897 0.735345 0.034483 0.036207
1 0.895690 0.679310 0.039655 0.044828
1 0.893966 0.637069 0.032759 0.036207
1 0.950000 0.624138 0.041379 0.055172
1 0.535345 0.706034 0.039655 0.032759
1 0.512931 0.663793 0.039655 0.031034
1 0.488793 0.578448 0.036207 0.036207
1 0.437931 0.538793 0.024138 0.029310
1 0.374138 0.532759 0.037931 0.027586
1 0.393103 0.396552 0.031034 0.041379
1 0.320690 0.373276 0.027586 0.036207
1 0.206034 0.542241 0.046552 0.043103
1 0.267241 0.486207 0.031034 0.027586
1 0.808621 0.123276 0.034483 0.032759
1 0.917241 0.076724 0.037931 0.029310
1 0.913793 0.169828 0.031034 0.043103
1 0.949138 0.251724 0.036207 0.034483
1 0.918103 0.274138 0.046552 0.048276
1 0.937931 0.338793 0.041379 0.043103
1 0.951724 0.502586 0.041379 0.036207
1 0.427586 0.824138 0.031034 0.041379
1 0.274138 0.665517 0.031034 0.034483
1 0.341379 0.598276 0.034483 0.044828
1 0.237069 0.067241 0.039655 0.031034
1 0.261207 0.123276 0.043103 0.032759
1 0.352586 0.158621 0.025862 0.037931
1 0.353448 0.200862 0.020690 0.032759
1 0.441379 0.272414 0.044828 0.048276
1 0.373276 0.256897 0.043103 0.037931
1 0.438793 0.350862 0.032759 0.039655
1 0.589655 0.243966 0.034483 0.025862
1 0.217241 0.750862 0.031034 0.036207
1 0.123276 0.733621 0.043103 0.025862
1 0.148276 0.768966 0.041379 0.041379
1 0.092241 0.777586 0.025862 0.048276
1 0.710345 0.670690 0.048276 0.037931
1 0.830172 0.428448 0.039655 0.036207
1 0.837069 0.313793 0.022414 0.041379
1 0.868966 0.344828 0.034483 0.037931
1 0.792241 0.290517 0.036207 0.036207