1 0.625862 0.052586 0.034483 0.032759
1 0.705172 0.059483 0.034483 0.032759
1 0.766379 0.062931 0.032759 0.043103
1 0.860345 0.072414 0.027586 0.041379
1 0.812069 0.084483 0.027586 0.031034
1 0.843966 0.132759 0.032759 0.034483
1 0.832759 0.168103 0.027586 0.036207
1 0.803448 0.227586 0.027586 0.034483
1 0.827586 0.259483 0.031034 0.039655
1 0.833621 0.302586 0.032759 0.043103
1 0.733621 0.341379 0.032759 0.034483
1 0.712931 0.295690 0.036207 0.025862
1 0.671552 0.221552 0.022414 0.025862
1 0.723276 0.229310 0.025862 0.024138
1 0.712931 0.178448 0.032759 0.029310
1 0.631034 0.296552 0.031034 0.037931
1 0.593103 0.362931 0.027586 0.032759
1 0.604310 0.418103 0.025862 0.032759
1 0.643966 0.387931 0.036207 0.034483
1 0.666379 0.485345 0.029310 0.046552
1 0.707759 0.466379 0.032759 0.029310
1 0.748276 0.483621 0.031034 0.032759
1 0.747414 0.511207 0.032759 0.029310
1 0.813793 0.443966 0.024138 0.029310
1 0.813793 0.499138 0.034483 0.036207
1 0.882759 0.478448 0.034483 0.025862
1 0.918103 0.454310 0.029310 0.029310
1 0.935345 0.491379 0.032759 0.027586
1 0.826724 0.575862 0.039655 0.024138
1 0.291379 0.558621 0.044828 0.044828
1 0.264655 0.627586 0.032759 0.034483
1 0.256034 0.697414 0.032759 0.029310
1 0.219828 0.756897 0.036207 0.027586
1 0.217241 0.816379 0.031034 0.036207
1 0.200000 0.860345 0.027586 0.041379
1 0.175862 0.922414 0.037931 0.034483
1 0.118966 0.746552 0.034483 0.031034
1 0.159483 0.647414 0.039655 0.032759
1 0.202586 0.644828 0.032759 0.031034
1 0.862931 0.633621 0.039655 0.039655
1 0.923276 0.653448 0.025862 0.034483
1 0.946552 0.817241 0.027586 0.044828
1 0.932759 0.902586 0.048276 0.046552
1 0.812931 0.948276 0.032759 0.034483
1 0.632759 0.852586 0.034483 0.050000
1 0.541379 0.793966 0.055172 0.043103
1 0.282759 0.207759 0.044828 0.039655
1 0.252586 0.139655 0.029310 0.041379
1 0.276724 0.080172 0.036207 0.039655
1 0.350862 0.057759 0.063793 0.032759
1 0.459483 0.050000 0.039655 0.041379
1 0.506034 0.046552 0.053448 0.027586
1 0.573276 0.068103 0.029310 0.039655
1 0.540517 0.122414 0.029310 0.034483
1 0.257759 0.271552 0.039655 0.022414
1 0.285345 0.292241 0.036207 0.025862
1 0.295690 0.312069 0.029310 0.027586
1 0.334483 0.303448 0.044828 0.031034
1 0.331034 0.237069 0.031034 0.050000
1 0.361207 0.226724 0.029310 0.039655