1 0.378448 0.193103 0.039655 0.037931
1 0.511207 0.324138 0.046552 0.044828
1 0.677586 0.322414 0.034483 0.034483
1 0.618103 0.381897 0.043103 0.039655
1 0.600862 0.410345 0.032759 0.031034
1 0.632759 0.443966 0.041379 0.043103
1 0.333621 0.506034 0.043103 0.050000
1 0.849138 0.737931 0.036207 0.037931
1 0.848276 0.849138 0.058621 0.043103
1 0.703448 0.908621 0.041379 0.037931
1 0.632759 0.834483 0.048276 0.037931
1 0.532759 0.814655 0.055172 0.029310
1 0.223276 0.330172 0.036207 0.029310
1 0.120690 0.137931 0.055172 0.034483
1 0.258621 0.128448 0.044828 0.029310
1 0.268966 0.102586 0.048276 0.022414
1 0.388793 0.053448 0.043103 0.044828
1 0.562931 0.114655 0.029310 0.039655
1 0.541379 0.192241 0.048276 0.032759
1 0.779310 0.171552 0.041379 0.043103
1 0.960345 0.210345 0.048276 0.034483
1 0.863793 0.263793 0.044828 0.034483
1 0.979310 0.398276 0.041379 0.034483
1 0.929310 0.630172 0.044828 0.043103
1 0.731034 0.712931 0.048276 0.029310
1 0.284483 0.669828 0.051724 0.050000
1 0.103448 0.543966 0.034483 0.036207
1 0.225862 0.877586 0.031034 0.048276
1 0.521552 0.972414 0.063793 0.037931