1 0.384483 0.175862 0.048276 0.048276
1 0.642241 0.130172 0.043103 0.032759
1 0.528448 0.154310 0.046552 0.043103
1 0.567241 0.255172 0.037931 0.024138
1 0.639655 0.307759 0.055172 0.060345
1 0.589655 0.358621 0.051724 0.048276
1 0.587931 0.410345 0.065517 0.041379
1 0.503448 0.386207 0.062069 0.048276
1 0.481034 0.488793 0.051724 0.039655
1 0.672414 0.457759 0.037931 0.046552
1 0.712931 0.497414 0.039655 0.050000
1 0.681897 0.545690 0.060345 0.039655
1 0.578448 0.560345 0.046552 0.051724
1 0.638793 0.637931 0.056897 0.089655
1 0.776724 0.568966 0.043103 0.037931
1 0.793966 0.629310 0.053448 0.055172
1 0.912931 0.525862 0.067241 0.065517
1 0.915517 0.606034 0.044828 0.046552
1 0.768966 0.755172 0.058621 0.062069
1 0.562069 0.470690 0.044828 0.055172
1 0.418966 0.511207 0.048276 0.070690
1 0.391379 0.431034 0.044828 0.051724
1 0.198276 0.264655 0.051724 0.084483
1 0.222414 0.426724 0.041379 0.063793
1 0.268966 0.565517 0.041379 0.058621
1 0.226724 0.643103 0.046552 0.041379
1 0.193103 0.582759 0.051724 0.031034
1 0.162069 0.795690 0.055172 0.043103
1 0.164655 0.685345 0.046552 0.060345
1 0.039655 0.175000 0.055172 0.050000
1 0.700000 0.185345 0.037931 0.043103
1 0.855172 0.145690 0.068966 0.050000
1 0.934483 0.173276 0.044828 0.046552
1 0.877586 0.418966 0.058621 0.065517
1 0.846552 0.756897 0.079310 0.051724
1 0.842241 0.894828 0.056897 0.037931
1 0.905172 0.908621 0.051724 0.055172
1 0.778448 0.928448 0.074138 0.039655
1 0.575000 0.843966 0.053448 0.070690
1 0.350862 0.769828 0.050000 0.081034
1 0.407759 0.726724 0.043103 0.039655
1 0.453448 0.737069 0.044828 0.043103
1 0.395690 0.829310 0.046552 0.048276
1 0.242241 0.844828 0.046552 0.048276
1 0.157759 0.875000 0.053448 0.032759
1 0.033621 0.814655 0.053448 0.050000
1 0.344828 0.237931 0.055172 0.062069
1 0.530172 0.040517 0.056897 0.056897