1 0.066379 0.265517 0.046552 0.037931
1 0.172414 0.369828 0.034483 0.039655
1 0.175000 0.456897 0.029310 0.034483
1 0.230172 0.512069 0.029310 0.027586
1 0.262931 0.536207 0.039655 0.037931
1 0.339655 0.637931 0.027586 0.031034
1 0.282759 0.762069 0.027586 0.044828
1 0.251724 0.772414 0.037931 0.031034
1 0.292241 0.841379 0.043103 0.051724
1 0.431897 0.834483 0.036207 0.034483
1 0.471552 0.764655 0.032759 0.032759
1 0.675862 0.246552 0.037931 0.034483
1 0.709483 0.262931 0.032759 0.032759
1 0.822414 0.250000 0.024138 0.041379
1 0.925000 0.292241 0.029310 0.032759
1 0.953448 0.417241 0.027586 0.031034
1 0.954310 0.498276 0.029310 0.027586
1 0.926724 0.600862 0.029310 0.025862
1 0.733621 0.425862 0.022414 0.024138
1 0.796552 0.324138 0.027586 0.031034
1 0.906897 0.152586 0.034483 0.036207
1 0.735345 0.168103 0.036207 0.032759
1 0.567241 0.285345 0.027586 0.032759
1 0.515517 0.206897 0.031034 0.027586
1 0.498276 0.277586 0.027586 0.034483
1 0.373276 0.216379 0.032759 0.018966
1 0.243966 0.208621 0.032759 0.034483
1 0.243966 0.154310 0.025862 0.022414
1 0.152586 0.206897 0.043103 0.027586
1 0.117241 0.162931 0.031034 0.036207
1 0.410345 0.429310 0.027586 0.031034
1 0.878448 0.836207 0.036207 0.044828
1 0.837069 0.808621 0.032759 0.031034