1 0.514655 0.138793 0.053448 0.036207
1 0.513793 0.028448 0.037931 0.056896
1 0.575862 0.020690 0.044828 0.041379
1 0.819828 0.065517 0.039655 0.044828
1 0.947414 0.081034 0.043103 0.037931
1 0.962931 0.125862 0.046552 0.048276
1 0.890517 0.134483 0.081034 0.041379
1 0.866379 0.214655 0.060345 0.032759
1 0.905172 0.254310 0.058621 0.032759
1 0.939655 0.309483 0.058621 0.060345
1 0.790517 0.568103 0.036207 0.063793
1 0.865517 0.435345 0.044828 0.056897
1 0.860345 0.341379 0.048276 0.041379
1 0.975862 0.201724 0.048276 0.044828
1 0.903448 0.182759 0.024138 0.020690
1 0.791379 0.215517 0.027586 0.034483
1 0.817241 0.159483 0.034483 0.022414
1 0.806034 0.106897 0.043103 0.027586
1 0.264655 0.237931 0.046552 0.037931
1 0.428448 0.083621 0.063793 0.043103
1 0.465517 0.133621 0.037931 0.063793
1 0.545690 0.181034 0.025862 0.044828
1 0.598276 0.175862 0.058621 0.051724
1 0.624138 0.128448 0.058621 0.043103
1 0.618103 0.043103 0.067241 0.058621
1 0.706034 0.026724 0.046552 0.043103
1 0.736207 0.060345 0.041379 0.031034
1 0.773276 0.041379 0.036207 0.031034
1 0.751724 0.164655 0.037931 0.032759
1 0.770690 0.266379 0.037931 0.036207
1 0.699138 0.262069 0.032759 0.027586
1 0.721552 0.225000 0.022414 0.036207
1 0.735345 0.337069 0.025862 0.046552
1 0.724138 0.291379 0.024138 0.031034
1 0.604310 0.371552 0.029310 0.029310
1 0.644828 0.337931 0.055172 0.044828
1 0.539655 0.331897 0.044828 0.039655
1 0.556034 0.381897 0.029310 0.022414
1 0.558621 0.421552 0.031034 0.029310
1 0.572414 0.467241 0.079310 0.062069
1 0.688793 0.399138 0.036207 0.029310
1 0.668966 0.423276 0.031034 0.039655
1 0.724138 0.478448 0.041379 0.039655
1 0.685345 0.480172 0.018966 0.029310
1 0.704310 0.516379 0.025862 0.043103
1 0.736207 0.528448 0.044828 0.022414
1 0.714655 0.581897 0.043103 0.039655
1 0.654310 0.533621 0.043103 0.036207
1 0.637069 0.584483 0.039655 0.031034
1 0.604310 0.627586 0.050000 0.055172
1 0.939655 0.680172 0.065517 0.091379
1 0.987931 0.622414 0.024138 0.051724
1 0.950000 0.581897 0.058621 0.053448
1 0.978448 0.510345 0.043103 0.051724
1 0.956897 0.453448 0.051724 0.062069
1 0.931034 0.386207 0.048276 0.048276
1 0.873276 0.511207 0.060345 0.043103
1 0.843966 0.569828 0.039655 0.036207
1 0.809483 0.468103 0.063793 0.046552
1 0.798276 0.438793 0.034483 0.039655
1 0.823276 0.387931 0.056897 0.037931
1 0.785345 0.338793 0.039655 0.032759
1 0.657759 0.181897 0.025862 0.036207
1 0.432759 0.201724 0.048276 0.044828
1 0.503448 0.245690 0.027586 0.050000
1 0.430172 0.318103 0.050000 0.063793
1 0.431897 0.365517 0.050000 0.034483
1 0.429310 0.406034 0.037931 0.039655
1 0.382759 0.406897 0.055172 0.044828
1 0.363793 0.466379 0.051724 0.036207
1 0.463793 0.454310 0.051724 0.053448
1 0.491379 0.356034 0.034483 0.039655
1 0.512069 0.381897 0.027586 0.036207
1 0.359483 0.146552 0.060345 0.037931
1 0.312931 0.054310 0.063793 0.056897
1 0.304310 0.100862 0.039655 0.025862
1 0.221552 0.423276 0.074138 0.067241
1 0.291379 0.425862 0.048276 0.037931
1 0.300862 0.349138 0.039655 0.029310
1 0.323276 0.237931 0.046552 0.031034
1 0.372414 0.220690 0.041379 0.044828
1 0.411207 0.270690 0.029310 0.041379
1 0.314655 0.181034 0.029310 0.031034
1 0.212069 0.193966 0.048276 0.039655
1 0.109483 0.262069 0.046552 0.037931
1 0.346552 0.530172 0.065517 0.050000
1 0.432759 0.514655 0.058621 0.036207
1 0.469828 0.664655 0.039655 0.022414
1 0.482759 0.723276 0.041379 0.053448
1 0.549138 0.658621 0.046552 0.062069
1 0.283621 0.724138 0.036207 0.048276
1 0.087931 0.110345 0.041379 0.041379
1 0.813793 0.873276 0.044828 0.046552
1 0.836207 0.962069 0.037931 0.024138
1 0.500000 0.922414 0.058621 0.041379
1 0.192241 0.971552 0.032759 0.036207
1 0.072414 0.910345 0.034483 0.055172
1 0.041379 0.920690 0.031034 0.037931
1 0.115517 0.931034 0.034483 0.031034
1 0.030172 0.520690 0.043103 0.044828
1 0.140517 0.092241 0.032759 0.036207