1 0.412069 0.013793 0.027586 0.027586
1 0.371552 0.007759 0.032759 0.015517
1 0.362069 0.060345 0.027586 0.024138
1 0.377586 0.087931 0.024138 0.027586
1 0.324138 0.039655 0.027586 0.024138
1 0.256897 0.026724 0.027586 0.018966
1 0.238793 0.063793 0.036207 0.024138
1 0.124138 0.052586 0.034483 0.036207
1 0.078448 0.033621 0.043103 0.025862
1 0.127586 0.126724 0.027586 0.025862
1 0.173276 0.126724 0.032759 0.043103
1 0.206897 0.182759 0.027586 0.037931
1 0.186207 0.200000 0.041379 0.020690
1 0.194828 0.237931 0.034483 0.037931
1 0.237069 0.216379 0.036207 0.029310
1 0.296552 0.211207 0.034483 0.029310
1 0.301724 0.173276 0.044828 0.025862
1 0.335345 0.169828 0.036207 0.029310
1 0.352586 0.141379 0.039655 0.027586
1 0.410345 0.140517 0.031034 0.025862
1 0.458621 0.105172 0.055172 0.027586
1 0.481034 0.050000 0.034483 0.027586
1 0.423276 0.162069 0.036207 0.031034
1 0.453448 0.211207 0.037931 0.032759
1 0.520690 0.204310 0.041379 0.025862
1 0.563793 0.211207 0.031034 0.060345
1 0.587931 0.173276 0.027586 0.036207
1 0.641379 0.185345 0.027586 0.029310
1 0.665517 0.181034 0.034483 0.027586
1 0.668966 0.131897 0.031034 0.036207
1 0.621552 0.074138 0.043103 0.041379
1 0.660345 0.028448 0.034483 0.032759
1 0.727586 0.043966 0.034483 0.029310
1 0.735345 0.099138 0.025862 0.025862
1 0.713793 0.103448 0.041379 0.024138
1 0.733621 0.150000 0.029310 0.027586
1 0.781897 0.131034 0.043103 0.027586
1 0.776724 0.178448 0.050000 0.032759
1 0.857759 0.159483 0.039655 0.032759
1 0.909483 0.130172 0.056897 0.046552
1 0.879310 0.043966 0.031034 0.053448
1 0.865517 0.204310 0.031034 0.029310
1 0.821552 0.218103 0.036207 0.032759
1 0.720690 0.198276 0.031034 0.041379
1 0.721552 0.250862 0.029310 0.036207
1 0.651724 0.251724 0.044828 0.034483
1 0.661207 0.290517 0.029310 0.029310
1 0.691379 0.281034 0.027586 0.034483
1 0.749138 0.399138 0.039655 0.046552
1 0.850862 0.410345 0.039655 0.055172
1 0.871552 0.425000 0.029310 0.039655
1 0.881897 0.460345 0.039655 0.048276
1 0.834483 0.556034 0.031034 0.025862
1 0.827586 0.637069 0.031034 0.036207
1 0.828448 0.585345 0.032759 0.018966
1 0.856034 0.683621 0.032759 0.036207
1 0.855172 0.782759 0.034483 0.037931
1 0.837069 0.818103 0.032759 0.050000
1 0.938793 0.924138 0.043103 0.034483
1 0.650000 0.727586 0.044828 0.024138
1 0.641379 0.683621 0.037931 0.036207
1 0.665517 0.652586 0.027586 0.032759
1 0.765517 0.607759 0.024138 0.036207
1 0.734483 0.612069 0.027586 0.031034
1 0.672414 0.597414 0.034483 0.032759
1 0.710345 0.543966 0.027586 0.029310
1 0.735345 0.516379 0.036207 0.043103
1 0.706897 0.495690 0.027586 0.039655
1 0.679310 0.436207 0.041379 0.048276
1 0.629310 0.464655 0.034483 0.036207
1 0.606034 0.370690 0.029310 0.037931
1 0.564655 0.370690 0.036207 0.041379
1 0.530172 0.274138 0.039655 0.041379
1 0.561207 0.260345 0.036207 0.027586
1 0.426724 0.361207 0.043103 0.039655
1 0.539655 0.499138 0.037931 0.032759
1 0.556034 0.543103 0.036207 0.041379
1 0.487931 0.631897 0.051724 0.043103
1 0.564655 0.669828 0.029310 0.032759
1 0.568103 0.731897 0.032759 0.025862
1 0.549138 0.697414 0.039655 0.029310
1 0.461207 0.818103 0.039655 0.050000
1 0.495690 0.841379 0.036207 0.037931
1 0.543103 0.875862 0.034483 0.037931
1 0.391379 0.757759 0.044828 0.032759
1 0.315517 0.733621 0.031034 0.029310
1 0.341379 0.693103 0.037931 0.051724
1 0.435345 0.665517 0.029310 0.027586
1 0.456897 0.687931 0.031034 0.034483
1 0.372414 0.691379 0.034483 0.034483
1 0.393966 0.625862 0.022414 0.024138
1 0.340517 0.533621 0.039655 0.025862
1 0.412931 0.519828 0.036207 0.029310
1 0.368103 0.513793 0.036207 0.037931
1 0.342241 0.507759 0.022414 0.036207
1 0.322414 0.456897 0.037931 0.037931
1 0.357759 0.380172 0.036207 0.036207
1 0.397414 0.231897 0.029310 0.032759
1 0.342241 0.231897 0.043103 0.029310
1 0.306034 0.294828 0.050000 0.034483
1 0.352586 0.308621 0.039655 0.027586
1 0.259483 0.336207 0.043103 0.020690
1 0.155172 0.322414 0.037931 0.027586
1 0.145690 0.368966 0.029310 0.037931
1 0.132759 0.400000 0.055172 0.024138
1 0.081034 0.510345 0.034483 0.031034
1 0.056897 0.470690 0.041379 0.041379
1 0.060345 0.282759 0.024138 0.024138
1 0.088793 0.253448 0.032759 0.037931
1 0.117241 0.264655 0.034483 0.032759
1 0.037069 0.192241 0.025862 0.043103
1 0.030172 0.160345 0.032759 0.037931
1 0.218103 0.513793 0.022414 0.037931
1 0.194828 0.496552 0.031034 0.031034
1 0.192241 0.449138 0.025862 0.029310
1 0.245690 0.463793 0.029310 0.027586
1 0.283621 0.440517 0.032759 0.036207
1 0.298276 0.397414 0.041379 0.039655
1 0.285345 0.515517 0.025862 0.037931
1 0.277586 0.592241 0.037931 0.025862
1 0.304310 0.573276 0.025862 0.032759
1 0.248276 0.608621 0.034483 0.034483
1 0.259483 0.646552 0.036207 0.037931
1 0.223276 0.775000 0.025862 0.029310
1 0.193966 0.779310 0.036207 0.027586
1 0.174138 0.821552 0.048276 0.032759
1 0.164655 0.737931 0.056897 0.037931
1 0.175000 0.670690 0.036207 0.031034
1 0.164655 0.638793 0.046552 0.029310
1 0.108621 0.667241 0.024138 0.031034
1 0.093966 0.605172 0.039655 0.037931
1 0.063793 0.560345 0.041379 0.031034
1 0.041379 0.681034 0.034483 0.037931
1 0.050000 0.640517 0.034483 0.039655
1 0.010345 0.578448 0.020690 0.053448
1 0.106034 0.858621 0.032759 0.031034
1 0.081897 0.863793 0.046552 0.024138
1 0.067241 0.895690 0.034483 0.032759
1 0.044828 0.764655 0.034483 0.046552
1 0.108621 0.451724 0.034483 0.037931
1 0.168103 0.471552 0.029310 0.029310
1 0.630172 0.815517 0.043103 0.037931
1 0.788793 0.747414 0.022414 0.018966
1 0.912931 0.746552 0.032759 0.017241