1 0.627586 0.172414 0.037931 0.034483
1 0.679310 0.149138 0.037931 0.029310
1 0.718103 0.121552 0.039655 0.025862
1 0.777586 0.131034 0.031034 0.034483
1 0.810345 0.107759 0.027586 0.022414
1 0.827586 0.117241 0.024138 0.024138
1 0.922414 0.078448 0.044828 0.032759
1 0.965517 0.081897 0.024138 0.032759
1 0.886207 0.151724 0.034483 0.027586
1 0.855172 0.209483 0.024138 0.036207
1 0.825000 0.214655 0.036207 0.036207
1 0.785345 0.237931 0.025862 0.031034
1 0.641379 0.343103 0.041379 0.031034
1 0.400000 0.303448 0.031034 0.037931
1 0.310345 0.300862 0.027586 0.043103
1 0.275862 0.317241 0.041379 0.034483
1 0.747414 0.654310 0.046552 0.032759
1 0.817241 0.698276 0.048276 0.037931
1 0.286207 0.785345 0.031034 0.029310
1 0.105172 0.681034 0.024138 0.024138
1 0.193966 0.419828 0.025862 0.036207
1 0.160345 0.360345 0.041379 0.041379
1 0.231897 0.352586 0.032759 0.025862
1 0.287069 0.355172 0.036207 0.031034
1 0.268966 0.256897 0.037931 0.037931
1 0.302586 0.148276 0.032759 0.034483
1 0.324138 0.168966 0.041379 0.037931
1 0.353448 0.197414 0.027586 0.032759
1 0.378448 0.213793 0.032759 0.027586
1 0.419828 0.214655 0.029310 0.022414
1 0.515517 0.141379 0.037931 0.031034
1 0.454310 0.168103 0.036207 0.039655
1 0.419828 0.143966 0.043103 0.036207
1 0.349138 0.113793 0.036207 0.037931
1 0.393966 0.118103 0.025862 0.036207
1 0.451724 0.110345 0.031034 0.044828
1 0.568103 0.122414 0.039655 0.034483
1 0.564655 0.200000 0.032759 0.031034
1 0.527586 0.256897 0.031034 0.031034
1 0.264655 0.063793 0.022414 0.027586
1 0.200000 0.104310 0.031034 0.025862
1 0.142241 0.143966 0.032759 0.029310