1 0.381034 0.163793 0.062069 0.037931
1 0.628448 0.178448 0.053448 0.067241
1 0.690517 0.209483 0.029310 0.046552
1 0.798276 0.259483 0.037931 0.039655
1 0.893103 0.204310 0.048276 0.039655
1 0.879310 0.287069 0.027586 0.050000
1 0.825000 0.325000 0.043103 0.067241
1 0.968103 0.418103 0.036207 0.063793
1 0.915517 0.718966 0.051724 0.062069
1 0.922414 0.802586 0.058621 0.063793
1 0.940517 0.875000 0.032759 0.053448
1 0.912069 0.924138 0.055172 0.055172
1 0.783621 0.956897 0.070690 0.058621
1 0.711207 0.890517 0.039655 0.063793
1 0.650862 0.937069 0.046552 0.043103
1 0.575000 0.944828 0.036207 0.037931
1 0.548276 0.902586 0.034483 0.039655
1 0.433621 0.860345 0.039655 0.062069
1 0.375000 0.856897 0.063793 0.048276
1 0.349138 0.767241 0.036207 0.051724
1 0.255172 0.880172 0.072414 0.050000
1 0.195690 0.793103 0.029310 0.034483
1 0.225862 0.769828 0.051724 0.039655
1 0.103448 0.726724 0.044828 0.087931
1 0.148276 0.668966 0.034483 0.031034
1 0.230172 0.686207 0.060345 0.034483
1 0.187931 0.611207 0.079310 0.032759
1 0.587931 0.801724 0.044828 0.068966
1 0.650000 0.805172 0.034483 0.051724
1 0.711207 0.817241 0.039655 0.034483
1 0.803448 0.850862 0.051724 0.039655
1 0.837069 0.782759 0.056897 0.031034
1 0.763793 0.731034 0.065517 0.037931
1 0.862069 0.726724 0.051724 0.050000
1 0.786207 0.661207 0.048276 0.056897
1 0.894828 0.562069 0.051724 0.068966
1 0.718103 0.493966 0.043103 0.056897
1 0.582759 0.406897 0.086207 0.068966
1 0.478448 0.280172 0.063793 0.050000
1 0.398276 0.241379 0.044828 0.055172
1 0.322414 0.231897 0.051724 0.063793
1 0.307759 0.290517 0.046552 0.039655
1 0.234483 0.202586 0.051724 0.046552
1 0.262931 0.287069 0.025862 0.025862
1 0.226724 0.356897 0.032759 0.062069
1 0.261207 0.404310 0.036207 0.053448
1 0.374138 0.319828 0.051724 0.043103
1 0.362931 0.519828 0.039655 0.043103
1 0.392241 0.468103 0.053448 0.063793
1 0.481034 0.417241 0.044828 0.034483
1 0.468966 0.474138 0.027586 0.048276
1 0.409483 0.579310 0.074138 0.034483
1 0.516379 0.589655 0.043103 0.027586
1 0.487931 0.575862 0.031034 0.031034
1 0.512069 0.630172 0.027586 0.029310
1 0.456034 0.610345 0.043103 0.041379
1 0.404310 0.676724 0.050000 0.046552
1 0.464655 0.675000 0.050000 0.036207
1 0.544828 0.679310 0.058621 0.048276
1 0.205172 0.316379 0.041379 0.043103
1 0.170690 0.237931 0.051724 0.041379
1 0.198276 0.125862 0.034483 0.037931
1 0.250000 0.104310 0.031034 0.050000
1 0.333621 0.109483 0.050000 0.060345
1 0.582759 0.180172 0.048276 0.039655
1 0.137069 0.154310 0.043103 0.043103
1 0.037931 0.187931 0.051724 0.034483
1 0.017241 0.273276 0.034482 0.039655
1 0.087069 0.292241 0.032759 0.036207
1 0.294828 0.479310 0.031034 0.034483
1 0.574138 0.530172 0.034483 0.025862
1 0.637931 0.519828 0.041379 0.036207
1 0.313793 0.924138 0.055172 0.037931
1 0.126724 0.842241 0.060345 0.060345
1 0.150862 0.939655 0.043103 0.055172
1 0.093103 0.975000 0.044828 0.036207
1 0.045690 0.941379 0.050000 0.048276
1 0.061207 0.870690 0.029310 0.037931
1 0.051724 0.698276 0.041379 0.041379
1 0.026724 0.485345 0.029310 0.043103
1 0.157759 0.362931 0.060345 0.036207
1 0.192241 0.413793 0.039655 0.044828
1 0.112931 0.044828 0.046552 0.031034
1 0.018103 0.060345 0.036206 0.031034
1 0.114655 0.100000 0.032759 0.024138
1 0.286207 0.056897 0.034483 0.034483
1 0.311207 0.388793 0.036207 0.036207
1 0.325862 0.348276 0.055172 0.020690
1 0.439655 0.353448 0.034483 0.031034
1 0.550862 0.300862 0.036207 0.022414
1 0.662931 0.329310 0.063793 0.051724
1 0.603448 0.307759 0.027586 0.039655
1 0.832759 0.431034 0.055172 0.041379
1 0.835345 0.498276 0.032759 0.044828
1 0.904310 0.456897 0.025862 0.034483
1 0.912931 0.398276 0.053448 0.031034
1 0.682759 0.701724 0.044828 0.041379
1 0.698276 0.589655 0.031034 0.065517
1 0.800000 0.570690 0.055172 0.065517