1 0.294828 0.044828 0.051724 0.089655
1 0.245690 0.044828 0.053448 0.089655
1 0.391379 0.019828 0.082759 0.039655
1 0.541379 0.038793 0.041379 0.050000
1 0.493966 0.039655 0.043103 0.041379
1 0.628448 0.024138 0.056897 0.048276
1 0.760345 0.080172 0.051724 0.077586
1 0.815517 0.078448 0.055172 0.043103
1 0.868103 0.115517 0.056897 0.037931
1 0.927586 0.077586 0.062069 0.055172
1 0.937069 0.207759 0.056897 0.043103
1 0.909483 0.174138 0.053448 0.051724
1 0.804310 0.253448 0.039655 0.068966
1 0.786207 0.189655 0.072414 0.041379
1 0.697414 0.153448 0.063793 0.048276
1 0.577586 0.248276 0.093103 0.051724
1 0.583621 0.150862 0.032759 0.053448
1 0.668966 0.293103 0.058621 0.079310
1 0.762931 0.374138 0.039655 0.075862
1 0.787931 0.421552 0.041379 0.094828
1 0.824138 0.336207 0.048276 0.048276
1 0.864655 0.287931 0.050000 0.051724
1 0.890517 0.365517 0.050000 0.034483
1 0.525862 0.658621 0.086207 0.065517
1 0.470690 0.883621 0.068966 0.046552
1 0.583621 0.819828 0.060345 0.032759
1 0.630172 0.762931 0.039655 0.063793
1 0.637931 0.695690 0.041379 0.039655
1 0.786207 0.658621 0.041379 0.058621
1 0.876724 0.559483 0.060345 0.056897
1 0.934483 0.607759 0.051724 0.063793
1 0.919828 0.706034 0.039655 0.060345
1 0.267241 0.331034 0.051724 0.048276
1 0.114655 0.275000 0.084483 0.081034
1 0.175000 0.129310 0.063793 0.079310
1 0.168966 0.661207 0.058621 0.050000
1 0.149138 0.538793 0.056897 0.050000
1 0.096552 0.489655 0.027586 0.058621
1 0.057759 0.524138 0.050000 0.068966
1 0.211207 0.465517 0.046552 0.058621
1 0.231897 0.422414 0.043103 0.051724
1 0.445690 0.309483 0.050000 0.032759
1 0.487931 0.242241 0.072414 0.050000
1 0.744828 0.787069 0.048276 0.067241
1 0.733621 0.876724 0.053448 0.050000
1 0.846552 0.858621 0.055172 0.044828
1 0.518103 0.940517 0.032759 0.039655
1 0.400000 0.875862 0.058621 0.037931
1 0.312069 0.837069 0.041379 0.050000
1 0.321552 0.883621 0.053448 0.053448
1 0.348276 0.925000 0.041379 0.053448
1 0.275000 0.806034 0.043103 0.056897
1 0.300000 0.783621 0.044828 0.043103
1 0.175862 0.731034 0.086207 0.044828
1 0.242241 0.731897 0.067241 0.046552
1 0.430172 0.631897 0.032759 0.025862
1 0.396552 0.584483 0.048276 0.048276
1 0.473276 0.490517 0.063793 0.050000
1 0.427586 0.443103 0.044828 0.110345
1 0.403448 0.175862 0.024138 0.041379
1 0.633621 0.083621 0.032759 0.039655
1 0.718103 0.210345 0.032759 0.034483
1 0.943103 0.397414 0.058621 0.032759
1 0.964655 0.354310 0.050000 0.043103
1 0.676724 0.845690 0.043103 0.063793
1 0.664655 0.920690 0.046552 0.041379
1 0.737931 0.683621 0.041379 0.056897
1 0.607759 0.541379 0.067241 0.065517
1 0.573276 0.449138 0.063793 0.101724
1 0.656034 0.431897 0.039655 0.056897
1 0.772414 0.491379 0.041379 0.058621
1 0.405172 0.377586 0.044828 0.034483
1 0.427586 0.338793 0.079310 0.025862
1 0.097414 0.067241 0.039655 0.048276
1 0.141379 0.039655 0.093103 0.062069
1 0.066379 0.343103 0.050000 0.079310