1 0.618966 0.305172 0.058621 0.068966
1 0.730172 0.300862 0.036207 0.039655
1 0.819828 0.268966 0.081034 0.051724
1 0.838793 0.225000 0.032759 0.036207
1 0.900862 0.181897 0.098276 0.050000
1 0.886207 0.369828 0.058621 0.036207
1 0.936207 0.408621 0.041379 0.034483
1 0.890517 0.437069 0.053448 0.046552
1 0.856897 0.471552 0.065517 0.036207
1 0.812931 0.437069 0.032759 0.029310
1 0.775000 0.473276 0.074138 0.039655
1 0.778448 0.511207 0.039655 0.043103
1 0.502586 0.799138 0.067241 0.056897
1 0.593103 0.685345 0.113793 0.050000
1 0.645690 0.734483 0.063793 0.037931
1 0.703448 0.676724 0.065517 0.056897
1 0.529310 0.481034 0.037931 0.062069
1 0.441379 0.370690 0.058621 0.068966
1 0.634483 0.129310 0.041379 0.041379
1 0.571552 0.141379 0.050000 0.062069
1 0.730172 0.194828 0.046552 0.096552
1 0.452586 0.164655 0.043103 0.060345
1 0.370690 0.188793 0.041379 0.050000
1 0.362931 0.147414 0.036207 0.053448
1 0.428448 0.078448 0.160345 0.084483
1 0.332759 0.075862 0.041379 0.034483
1 0.274138 0.106034 0.086207 0.074138
1 0.111207 0.113793 0.060345 0.051724
1 0.107759 0.193966 0.108621 0.098276
1 0.140517 0.272414 0.063793 0.058621
1 0.036207 0.218966 0.068966 0.093103
1 0.100000 0.568966 0.062069 0.058621
1 0.687069 0.596552 0.087931 0.041379
1 0.447414 0.687069 0.056897 0.081034
1 0.419828 0.740517 0.074138 0.053448
1 0.245690 0.664655 0.060345 0.050000
1 0.220690 0.605172 0.055172 0.034483
1 0.372414 0.586207 0.055172 0.041379
1 0.355172 0.399138 0.065517 0.067241
1 0.925862 0.941379 0.048276 0.100000
1 0.697414 0.910345 0.056897 0.065517
1 0.756034 0.970690 0.043103 0.058620
1 0.675862 0.971552 0.072414 0.056896
1 0.562069 0.887931 0.065517 0.044828
1 0.603448 0.825000 0.075862 0.046552
1 0.752586 0.050000 0.084483 0.041379
1 0.873276 0.056897 0.105172 0.044828
1 0.431034 0.235345 0.041379 0.046552
1 0.461207 0.287069 0.046552 0.053448
1 0.365517 0.308621 0.041379 0.044828
1 0.400000 0.271552 0.055172 0.053448
1 0.271552 0.262069 0.039655 0.044828
1 0.224138 0.354310 0.048276 0.043103
1 0.324138 0.520690 0.034483 0.037931
1 0.256897 0.761207 0.055172 0.043103
1 0.320690 0.761207 0.044828 0.046552
1 0.332759 0.809483 0.041379 0.050000
1 0.275862 0.806897 0.031034 0.062069
1 0.206897 0.918103 0.068966 0.043103
1 0.137931 0.862069 0.062069 0.048276
1 0.039655 0.778448 0.062069 0.056897
1 0.066379 0.707759 0.060345 0.050000
1 0.098276 0.635345 0.065517 0.060345