1 0.098276 0.106897 0.041379 0.031034
1 0.031897 0.163793 0.032759 0.041379
1 0.056034 0.207759 0.043103 0.036207
1 0.106897 0.329310 0.020690 0.027586
1 0.091379 0.352586 0.031034 0.032759
1 0.073276 0.399138 0.036207 0.039655
1 0.080172 0.452586 0.036207 0.032759
1 0.112931 0.436207 0.025862 0.031034
1 0.131034 0.430172 0.037931 0.039655
1 0.143966 0.459483 0.029310 0.029310
1 0.169828 0.418103 0.046552 0.025862
1 0.094828 0.543103 0.037931 0.041379
1 0.120690 0.572414 0.027586 0.031034
1 0.103448 0.613793 0.031034 0.037931
1 0.061207 0.504310 0.036207 0.032759
1 0.037069 0.632759 0.032759 0.037931
1 0.066379 0.634483 0.032759 0.051724
1 0.070690 0.714655 0.034483 0.039655
1 0.072414 0.760345 0.037931 0.031034
1 0.037069 0.739655 0.036207 0.041379
1 0.031034 0.771552 0.031034 0.025862
1 0.033621 0.800000 0.036207 0.037931
1 0.061207 0.797414 0.046552 0.029310
1 0.060345 0.828448 0.037931 0.050000
1 0.102586 0.853448 0.053448 0.031034
1 0.090517 0.956897 0.039655 0.048276
1 0.141379 0.930172 0.034483 0.039655
1 0.205172 0.980172 0.034483 0.032759
1 0.162931 0.858621 0.032759 0.044828
1 0.203448 0.858621 0.031034 0.041379
1 0.212069 0.593966 0.034483 0.036207
1 0.134483 0.686207 0.027586 0.041379
1 0.137931 0.762931 0.034483 0.036207
1 0.147414 0.297414 0.032759 0.039655
1 0.253448 0.224138 0.027586 0.037931
1 0.255172 0.337069 0.024138 0.036207
1 0.211207 0.339655 0.025862 0.037931
1 0.269828 0.321552 0.036207 0.025862
1 0.237931 0.401724 0.027586 0.034483
1 0.243966 0.507759 0.039655 0.043103
1 0.249138 0.669828 0.036207 0.036207
1 0.250862 0.774138 0.029310 0.024138
1 0.227586 0.753448 0.034483 0.027586
1 0.289655 0.703448 0.034483 0.041379
1 0.297414 0.683621 0.039655 0.053448
1 0.321552 0.686207 0.032759 0.037931
1 0.354310 0.770690 0.032759 0.048276
1 0.295690 0.808621 0.029310 0.031034
1 0.235345 0.951724 0.032759 0.041379
1 0.271552 0.982759 0.022414 0.020690
1 0.349138 0.937931 0.025862 0.037931
1 0.338793 0.909483 0.018966 0.022414
1 0.302586 0.937069 0.022414 0.039655
1 0.398276 0.886207 0.048276 0.034483
1 0.406897 0.845690 0.034483 0.046552
1 0.393966 0.755172 0.032759 0.041379
1 0.376724 0.705172 0.032759 0.027586
1 0.371552 0.675862 0.032759 0.027586
1 0.352586 0.637069 0.032759 0.053448
1 0.393103 0.595690 0.031034 0.036207
1 0.359483 0.578448 0.025862 0.050000
1 0.312931 0.586207 0.022414 0.027586
1 0.287069 0.580172 0.022414 0.032759
1 0.323276 0.421552 0.029310 0.029310
1 0.372414 0.392241 0.027586 0.032759
1 0.301724 0.229310 0.031034 0.037931
1 0.165517 0.122414 0.027586 0.051724
1 0.085345 0.043966 0.036207 0.036207
1 0.274138 0.028448 0.034483 0.032759
1 0.441379 0.094828 0.034483 0.031034
1 0.475862 0.256034 0.034483 0.036207
1 0.518103 0.268966 0.029310 0.037931
1 0.481034 0.295690 0.034483 0.050000
1 0.573276 0.294828 0.036207 0.027586
1 0.555172 0.243103 0.031034 0.031034
1 0.525862 0.224138 0.027586 0.034483
1 0.577586 0.126724 0.034483 0.032759
1 0.503448 0.043966 0.031034 0.036207
1 0.687069 0.127586 0.043103 0.024138
1 0.767241 0.156034 0.027586 0.032759
1 0.779310 0.222414 0.031034 0.041379
1 0.612069 0.263793 0.031034 0.041379
1 0.562069 0.361207 0.051724 0.043103
1 0.615517 0.408621 0.034483 0.034483
1 0.514655 0.413793 0.056897 0.044828
1 0.538793 0.479310 0.036207 0.024138
1 0.500862 0.495690 0.022414 0.046552
1 0.465517 0.568966 0.037931 0.041379
1 0.422414 0.525000 0.031034 0.053448
1 0.520690 0.761207 0.041379 0.043103
1 0.553448 0.775000 0.048276 0.043103
1 0.587069 0.749138 0.039655 0.046552
1 0.554310 0.811207 0.053448 0.039655
1 0.514655 0.830172 0.029310 0.036207
1 0.541379 0.841379 0.041379 0.031034
1 0.534483 0.937069 0.027586 0.032759
1 0.492241 0.948276 0.036207 0.027586
1 0.556897 0.584483 0.044828 0.044828
1 0.299138 0.083621 0.025862 0.029310
1 0.919828 0.018966 0.050000 0.034483
1 0.981034 0.038793 0.027586 0.046552
1 0.951724 0.058621 0.027586 0.044828
1 0.962931 0.166379 0.025862 0.036207
1 0.982759 0.128448 0.027586 0.032759
1 0.889655 0.195690 0.041379 0.029310
1 0.859483 0.236207 0.039655 0.041379
1 0.870690 0.336207 0.037931 0.037931
1 0.836207 0.309483 0.048276 0.036207
1 0.736207 0.285345 0.034483 0.039655
1 0.763793 0.316379 0.034483 0.032759
1 0.738793 0.011207 0.029310 0.022414
1 0.786207 0.048276 0.031034 0.024138
1 0.755172 0.059483 0.027586 0.029310
1 0.689655 0.054310 0.027586 0.039655
1 0.686207 0.201724 0.031034 0.031034
1 0.676724 0.184483 0.032759 0.034483
1 0.656897 0.334483 0.031034 0.058621
1 0.713793 0.335345 0.034483 0.036207
1 0.795690 0.465517 0.046552 0.034483
1 0.828448 0.477586 0.036207 0.034483
1 0.819828 0.429310 0.032759 0.037931
1 0.769828 0.500000 0.032759 0.034483
1 0.784483 0.524138 0.031034 0.031034
1 0.737931 0.531897 0.024138 0.036207
1 0.728448 0.433621 0.025862 0.032759
1 0.633621 0.475862 0.050000 0.037931
1 0.682759 0.548276 0.034483 0.027586
1 0.683621 0.583621 0.029310 0.029310
1 0.731897 0.580172 0.029310 0.032759
1 0.812069 0.574138 0.031034 0.024138
1 0.831034 0.596552 0.034483 0.031034
1 0.827586 0.548276 0.034483 0.041379
1 0.903448 0.511207 0.031034 0.043103
1 0.918966 0.448276 0.034483 0.048276
1 0.960345 0.457759 0.031034 0.039655
1 0.963793 0.501724 0.041379 0.044828
1 0.937069 0.538793 0.032759 0.046552
1 0.969828 0.544828 0.039655 0.041379
1 0.923276 0.343103 0.053448 0.041379
1 0.950000 0.305172 0.027586 0.041379
1 0.873276 0.387069 0.056897 0.032759
1 0.730172 0.721552 0.029310 0.043103
1 0.751724 0.729310 0.024138 0.034483
1 0.781034 0.737069 0.031034 0.043103
1 0.734483 0.656034 0.044828 0.029310
1 0.643966 0.693966 0.032759 0.036207
1 0.705172 0.787931 0.024138 0.027586
1 0.683621 0.798276 0.018966 0.041379
1 0.660345 0.799138 0.027586 0.032759
1 0.683621 0.849138 0.032759 0.043103
1 0.742241 0.874138 0.043103 0.031034
1 0.565517 0.688793 0.031034 0.025862
1 0.584483 0.898276 0.031034 0.024138
1 0.603448 0.931897 0.031034 0.036207
1 0.635345 0.911207 0.025862 0.025862
1 0.652586 0.925862 0.025862 0.027586
1 0.672414 0.973276 0.044828 0.036207
1 0.743966 0.979310 0.036207 0.027586
1 0.787931 0.925862 0.034483 0.044828
1 0.826724 0.903448 0.025862 0.031034
1 0.828448 0.829310 0.029310 0.044828
1 0.897414 0.851724 0.043103 0.051724
1 0.952586 0.805172 0.025862 0.027586
1 0.923276 0.812069 0.025862 0.031034
1 0.956034 0.868966 0.032759 0.037931
1 0.964655 0.938793 0.036207 0.053448
1 0.911207 0.915517 0.050000 0.041379
1 0.922414 0.770690 0.027586 0.058621
1 0.985345 0.734483 0.025862 0.037931
1 0.848276 0.771552 0.027586 0.036207
1 0.028448 0.421552 0.029310 0.046552
1 0.421552 0.125000 0.046552 0.025862
1 0.379310 0.203448 0.027586 0.031034
1 0.191379 0.223276 0.027586 0.043103
1 0.134483 0.219828 0.027586 0.029310
1 0.230172 0.269828 0.032759 0.029310
1 0.210345 0.143966 0.027586 0.029310
1 0.165517 0.021552 0.034483 0.029310
1 0.393966 0.333621 0.043103 0.036207
1 0.511207 0.168103 0.039655 0.032759
1 0.441379 0.668103 0.044828 0.039655
1 0.442241 0.705172 0.039655 0.034483
1 0.531897 0.718103 0.039655 0.036207
1 0.641379 0.623276 0.041379 0.032759
1 0.708621 0.488793 0.027586 0.036207
1 0.964655 0.668103 0.046552 0.039655
1 0.309483 0.643966 0.029310 0.025862