1 0.805172 0.140517 0.034483 0.036207
1 0.862069 0.196552 0.020690 0.027586
1 0.846552 0.236207 0.041379 0.024138
1 0.839655 0.267241 0.020690 0.020690
1 0.878448 0.259483 0.032759 0.022414
1 0.818966 0.290517 0.027586 0.032759
1 0.764655 0.338793 0.029310 0.032759
1 0.858621 0.768103 0.055172 0.060345
1 0.889655 0.666379 0.048276 0.056897
1 0.929310 0.659483 0.027586 0.029310
1 0.937069 0.695690 0.025862 0.029310
1 0.945690 0.752586 0.032759 0.025862
1 0.927586 0.826724 0.037931 0.039655
1 0.765517 0.868966 0.024138 0.024138
1 0.667241 0.871552 0.024138 0.025862
1 0.639655 0.902586 0.034483 0.043103
1 0.531897 0.789655 0.032759 0.037931
1 0.493103 0.723276 0.031034 0.043103
1 0.460345 0.667241 0.024138 0.027586
1 0.463793 0.602586 0.034483 0.025862
1 0.419828 0.546552 0.039655 0.027586
1 0.374138 0.481034 0.027586 0.031034
1 0.406897 0.336207 0.031034 0.034483
1 0.283621 0.221552 0.032759 0.039655
1 0.356034 0.218966 0.025862 0.031034
1 0.365517 0.181034 0.031034 0.027586
1 0.408621 0.156034 0.041379 0.029310
1 0.489655 0.125000 0.044828 0.022414
1 0.543966 0.171552 0.032759 0.039655
1 0.203448 0.470690 0.037931 0.037931
1 0.208621 0.531897 0.024138 0.039655
1 0.165517 0.529310 0.024138 0.024138
1 0.188793 0.596552 0.032759 0.034483
1 0.134483 0.787069 0.024138 0.043103
1 0.267241 0.793966 0.034483 0.046552
1 0.318103 0.950000 0.029310 0.037931
1 0.269828 0.929310 0.032759 0.037931