1 0.081897 0.168966 0.043103 0.048276
1 0.026724 0.075000 0.032759 0.036207
1 0.049138 0.008621 0.036207 0.017241
1 0.023276 0.018966 0.025862 0.031034
1 0.103448 0.269828 0.048276 0.025862
1 0.072414 0.297414 0.062069 0.067241
1 0.012069 0.283621 0.024138 0.036207
1 0.371552 0.221552 0.043103 0.043103
1 0.287069 0.210345 0.036207 0.031034
1 0.223276 0.189655 0.032759 0.048276
1 0.160345 0.043103 0.051724 0.027586
1 0.270690 0.009483 0.027586 0.018966
1 0.314655 0.015517 0.029310 0.031034
1 0.267241 0.116379 0.048276 0.025862
1 0.337069 0.043103 0.043103 0.037931
1 0.398276 0.011207 0.044828 0.022414
1 0.492241 0.036207 0.029310 0.041379
1 0.550000 0.088793 0.027586 0.029310
1 0.626724 0.062069 0.036207 0.037931
1 0.683621 0.010345 0.053448 0.020690
1 0.754310 0.032759 0.053448 0.037931
1 0.829310 0.023276 0.044828 0.043103
1 0.929310 0.018966 0.031034 0.037931
1 0.737931 0.083621 0.041379 0.032759
1 0.672414 0.118966 0.048276 0.041379
1 0.623276 0.150000 0.032759 0.024138
1 0.781034 0.179310 0.048276 0.041379
1 0.928448 0.237931 0.046552 0.037931
1 0.937069 0.124138 0.043103 0.048276
1 0.813793 0.109483 0.034483 0.039655
1 0.575000 0.239655 0.032759 0.037931
1 0.571552 0.172414 0.029310 0.020690
1 0.598276 0.180172 0.031034 0.032759
1 0.476724 0.220690 0.029310 0.041379
1 0.396552 0.281034 0.037931 0.020690
1 0.310345 0.118966 0.034483 0.027586
1 0.243103 0.083621 0.037931 0.036207
1 0.147414 0.261207 0.046552 0.046552
1 0.018103 0.240517 0.036206 0.039655
1 0.137931 0.345690 0.037931 0.032759
1 0.240517 0.343103 0.032759 0.031034
1 0.292241 0.330172 0.032759 0.032759
1 0.347414 0.312069 0.029310 0.048276
1 0.398276 0.364655 0.037931 0.050000
1 0.425862 0.392241 0.041379 0.046552
1 0.504310 0.370690 0.043103 0.041379
1 0.689655 0.324138 0.041379 0.037931
1 0.768966 0.308621 0.051724 0.031034
1 0.787069 0.328448 0.029310 0.036207
1 0.868966 0.389655 0.034483 0.024138
1 0.821552 0.368103 0.036207 0.032759
1 0.781034 0.383621 0.020690 0.029310
1 0.799138 0.391379 0.025862 0.031034
1 0.755172 0.439655 0.034483 0.044828
1 0.780172 0.461207 0.046552 0.056897
1 0.730172 0.512931 0.043103 0.043103
1 0.710345 0.581034 0.037931 0.044828
1 0.754310 0.573276 0.036207 0.043103
1 0.931034 0.875000 0.041379 0.043103
1 0.962931 0.599138 0.043103 0.043103
1 0.881034 0.446552 0.041379 0.044828
1 0.565517 0.698276 0.027586 0.041379
1 0.558621 0.632759 0.027586 0.034483
1 0.454310 0.713793 0.043103 0.041379
1 0.387931 0.711207 0.048276 0.032759
1 0.386207 0.654310 0.027586 0.043103
1 0.371552 0.589655 0.025862 0.041379
1 0.348276 0.674138 0.017241 0.034483
1 0.320690 0.673276 0.020690 0.022414
1 0.327586 0.625000 0.037931 0.039655
1 0.313793 0.712069 0.027586 0.037931
1 0.341379 0.760345 0.024138 0.034483
1 0.255172 0.671552 0.031034 0.029310
1 0.275862 0.632759 0.034483 0.027586
1 0.289655 0.591379 0.034483 0.037931
1 0.144828 0.383621 0.027586 0.029310
1 0.188793 0.368966 0.025862 0.031034
1 0.173276 0.387931 0.029310 0.037931
1 0.173276 0.429310 0.029310 0.041379
1 0.331034 0.391379 0.034483 0.031034
1 0.348276 0.375862 0.031034 0.027586
1 0.183621 0.527586 0.039655 0.037931
1 0.056897 0.496552 0.034483 0.037931
1 0.110345 0.585345 0.037931 0.046552
1 0.132759 0.636207 0.027586 0.041379
1 0.121552 0.671552 0.032759 0.039655
1 0.036207 0.605172 0.034483 0.037931
1 0.031034 0.701724 0.037931 0.037931
1 0.209483 0.789655 0.036207 0.044828
1 0.173276 0.749138 0.036207 0.032759
1 0.203448 0.675000 0.034483 0.032759
1 0.268103 0.922414 0.029310 0.051724
1 0.153448 0.947414 0.031034 0.039655
1 0.096552 0.925000 0.041379 0.043103
1 0.693966 0.703448 0.039655 0.037931
1 0.551724 0.442241 0.037931 0.046552
1 0.490517 0.468103 0.036207 0.039655
1 0.401724 0.543103 0.031034 0.037931
1 0.555172 0.775000 0.037931 0.036207
1 0.497414 0.834483 0.032759 0.041379
1 0.639655 0.659483 0.037931 0.043103
1 0.949138 0.427586 0.043103 0.041379
1 0.704310 0.769828 0.039655 0.036207
1 0.210345 0.918966 0.037931 0.048276