1 0.208621 0.200000 0.051724 0.058621
1 0.315517 0.242241 0.034483 0.043103
1 0.436207 0.214655 0.041379 0.060345
1 0.561207 0.197414 0.056897 0.050000
1 0.704310 0.187069 0.032759 0.029310
1 0.729310 0.263793 0.031034 0.058621
1 0.785345 0.298276 0.039655 0.062069
1 0.871552 0.350862 0.029310 0.036207
1 0.912069 0.315517 0.024138 0.048276
1 0.968966 0.359483 0.062068 0.056897
1 0.973276 0.407759 0.029310 0.043103
1 0.918966 0.436207 0.031034 0.044828
1 0.831034 0.455172 0.051724 0.103448
1 0.656034 0.607759 0.101724 0.046552
1 0.545690 0.590517 0.039655 0.036207
1 0.476724 0.587931 0.084483 0.065517
1 0.573276 0.507759 0.056897 0.036207
1 0.524138 0.481897 0.048276 0.043103
1 0.490517 0.441379 0.036207 0.037931
1 0.395690 0.426724 0.056897 0.056897
1 0.404310 0.356034 0.060345 0.039655
1 0.306034 0.344828 0.053448 0.089655
1 0.212931 0.298276 0.060345 0.082759
1 0.087931 0.232759 0.048276 0.055172
1 0.144828 0.455172 0.034483 0.068966
1 0.633621 0.824138 0.039655 0.058621
1 0.221552 0.781034 0.070690 0.065517
1 0.650000 0.037069 0.117241 0.056897
1 0.918966 0.863793 0.034483 0.034483
1 0.877586 0.836207 0.034483 0.055172
1 0.186207 0.865517 0.075862 0.065517