1 0.230172 0.310345 0.029310 0.031034
1 0.254310 0.263793 0.029310 0.037931
1 0.209483 0.230172 0.032759 0.039655
1 0.142241 0.185345 0.043103 0.029310
1 0.115517 0.141379 0.048276 0.034483
1 0.050862 0.077586 0.039655 0.027586
1 0.022414 0.109483 0.027586 0.046552
1 0.106897 0.023276 0.044828 0.039655
1 0.150862 0.308621 0.029310 0.048276
1 0.099138 0.331897 0.039655 0.025862
1 0.070690 0.322414 0.031034 0.031034
1 0.046552 0.314655 0.027586 0.025862
1 0.012931 0.399138 0.025862 0.022414
1 0.033621 0.452586 0.029310 0.043103
1 0.138793 0.382759 0.046552 0.041379
1 0.166379 0.428448 0.039655 0.043103
1 0.208621 0.459483 0.034483 0.032759
1 0.188793 0.487931 0.039655 0.037931
1 0.194828 0.562069 0.041379 0.041379
1 0.086207 0.527586 0.027586 0.055172
1 0.118966 0.649138 0.041379 0.053448
1 0.019828 0.751724 0.036207 0.041379
1 0.053448 0.830172 0.044828 0.053448
1 0.066379 0.894828 0.039655 0.037931
1 0.033621 0.950862 0.036207 0.036207
1 0.135345 0.762931 0.043103 0.050000
1 0.207759 0.821552 0.032759 0.050000
1 0.231897 0.698276 0.029310 0.044828
1 0.193103 0.701724 0.051724 0.041379
1 0.208621 0.886207 0.051724 0.051724
1 0.199138 0.972414 0.032759 0.037931
1 0.298276 0.969828 0.034483 0.032759
1 0.312931 0.829310 0.029310 0.044828
1 0.340517 0.842241 0.029310 0.043103
1 0.325862 0.753448 0.024138 0.041379
1 0.238793 0.816379 0.025862 0.029310
1 0.286207 0.640517 0.034483 0.022414
1 0.318966 0.608621 0.048276 0.034483
1 0.274138 0.497414 0.055172 0.056897
1 0.377586 0.487931 0.051724 0.041379
1 0.405172 0.331034 0.048276 0.055172
1 0.259483 0.337931 0.043103 0.024138
1 0.396552 0.076724 0.034483 0.036207
1 0.349138 0.018966 0.043103 0.037931
1 0.479310 0.019828 0.055172 0.039655
1 0.575000 0.150862 0.050000 0.053448
1 0.503448 0.131897 0.041379 0.022414
1 0.504310 0.174138 0.036207 0.034483
1 0.643966 0.020690 0.043103 0.041379
1 0.543103 0.337069 0.041379 0.036207
1 0.525862 0.291379 0.034483 0.037931
1 0.565517 0.456897 0.037931 0.034483
1 0.482759 0.521552 0.031034 0.046552
1 0.397414 0.596552 0.039655 0.037931
1 0.455172 0.675862 0.041379 0.041379
1 0.462069 0.745690 0.031034 0.039655
1 0.518966 0.760345 0.031034 0.044828
1 0.475000 0.905172 0.043103 0.041379
1 0.502586 0.938793 0.046552 0.043103
1 0.677586 0.548276 0.037931 0.034483
1 0.741379 0.646552 0.034483 0.027586
1 0.725000 0.682759 0.039655 0.020690
1 0.629310 0.712931 0.058621 0.036207
1 0.607759 0.886207 0.036207 0.034483
1 0.539655 0.914655 0.041379 0.029310
1 0.575862 0.611207 0.034483 0.043103
1 0.708621 0.926724 0.051724 0.063793
1 0.780172 0.898276 0.029310 0.048276
1 0.885345 0.973276 0.039655 0.036207
1 0.953448 0.831034 0.031034 0.065517
1 0.934483 0.858621 0.034483 0.037931
1 0.731034 0.418103 0.048276 0.029310
1 0.661207 0.443103 0.036207 0.031034
1 0.632759 0.299138 0.041379 0.032759
1 0.870690 0.101724 0.034483 0.031034
1 0.890517 0.082759 0.039655 0.034483
1 0.937931 0.111207 0.037931 0.043103
1 0.943103 0.173276 0.044828 0.025862
1 0.976724 0.338793 0.032759 0.036207
1 0.962069 0.305172 0.044828 0.048276
1 0.838793 0.490517 0.029310 0.046552
1 0.749138 0.371552 0.043103 0.056897
1 0.980172 0.588793 0.032759 0.043103
1 0.898276 0.655172 0.051724 0.031034
1 0.878448 0.525000 0.032759 0.036207
1 0.970690 0.025000 0.034483 0.050000