1 0.037069 0.032759 0.043103 0.044828
1 0.085345 0.087931 0.025862 0.034483
1 0.058621 0.100862 0.031034 0.036207
1 0.187931 0.031034 0.041379 0.041379
1 0.279310 0.026724 0.048276 0.039655
1 0.380172 0.028448 0.039655 0.043103
1 0.405172 0.131034 0.034483 0.041379
1 0.295690 0.116379 0.039655 0.036207
1 0.261207 0.116379 0.036207 0.036207
1 0.228448 0.122414 0.039655 0.041379
1 0.169828 0.142241 0.039655 0.050000
1 0.093103 0.175862 0.048276 0.031034
1 0.075862 0.225862 0.048276 0.072414
1 0.018966 0.209483 0.020690 0.060345
1 0.017241 0.281034 0.034482 0.027586
1 0.015517 0.339655 0.031034 0.044828
1 0.018966 0.391379 0.037931 0.055172
1 0.050000 0.448276 0.031034 0.017241
1 0.052586 0.421552 0.029310 0.029310
1 0.043966 0.505172 0.032759 0.034483
1 0.100000 0.583621 0.048276 0.043103
1 0.059483 0.600862 0.053448 0.018966
1 0.088793 0.707759 0.025862 0.032759
1 0.118103 0.700862 0.043103 0.053448
1 0.145690 0.612069 0.070690 0.037931
1 0.212069 0.645690 0.041379 0.050000
1 0.243103 0.582759 0.041379 0.037931
1 0.225862 0.550000 0.048276 0.041379
1 0.032759 0.834483 0.044828 0.037931
1 0.015517 0.866379 0.031034 0.043103
1 0.044828 0.941379 0.037931 0.044828
1 0.237931 0.870690 0.048276 0.048276
1 0.232759 0.987931 0.055172 0.024138
1 0.283621 0.941379 0.032759 0.037931
1 0.315517 0.905172 0.027586 0.037931
1 0.300000 0.875000 0.024138 0.032759
1 0.273276 0.844828 0.018966 0.055172
1 0.274138 0.781897 0.027586 0.025862
1 0.334483 0.751724 0.051724 0.048276
1 0.418103 0.715517 0.029310 0.048276
1 0.384483 0.627586 0.024138 0.020690
1 0.356034 0.606034 0.043103 0.032759
1 0.333621 0.542241 0.032759 0.029310
1 0.307759 0.510345 0.029310 0.034483
1 0.250862 0.520690 0.039655 0.034483
1 0.232759 0.391379 0.037931 0.031034
1 0.307759 0.385345 0.043103 0.043103
1 0.348276 0.352586 0.034483 0.056897
1 0.382759 0.362931 0.027586 0.043103
1 0.362069 0.396552 0.048276 0.041379
1 0.310345 0.276724 0.041379 0.036207
1 0.325000 0.229310 0.032759 0.031034
1 0.323276 0.197414 0.036207 0.029310
1 0.255172 0.212069 0.027586 0.034483
1 0.109483 0.389655 0.029310 0.037931
1 0.152586 0.310345 0.039655 0.041379
1 0.493103 0.564655 0.034483 0.036207
1 0.534483 0.452586 0.034483 0.039655
1 0.459483 0.387931 0.018966 0.024138
1 0.455172 0.355172 0.020690 0.017241
1 0.425862 0.316379 0.034483 0.046552
1 0.452586 0.210345 0.029310 0.055172
1 0.422414 0.194828 0.034483 0.044828
1 0.515517 0.104310 0.027586 0.043103
1 0.554310 0.301724 0.029310 0.037931
1 0.531897 0.312069 0.032759 0.027586
1 0.555172 0.343103 0.048276 0.044828
1 0.578448 0.576724 0.039655 0.039655
1 0.503448 0.639655 0.027586 0.041379
1 0.440517 0.626724 0.046552 0.053448
1 0.467241 0.741379 0.037931 0.024138
1 0.507759 0.816379 0.043103 0.029310
1 0.546552 0.788793 0.044828 0.039655
1 0.487931 0.904310 0.041379 0.032759
1 0.413793 0.906034 0.031034 0.032759
1 0.388793 0.799138 0.025862 0.039655
1 0.368103 0.852586 0.036207 0.036207
1 0.383621 0.956897 0.046552 0.044828
1 0.433621 0.943103 0.025862 0.031034
1 0.560345 0.948276 0.024138 0.024138
1 0.542241 0.931897 0.029310 0.025862
1 0.566379 0.860345 0.039655 0.031034
1 0.610345 0.785345 0.044828 0.046552
1 0.617241 0.725000 0.031034 0.039655
1 0.643966 0.643103 0.029310 0.037931
1 0.671552 0.490517 0.022414 0.039655
1 0.650000 0.500862 0.024138 0.043103
1 0.678448 0.421552 0.036207 0.046552
1 0.644828 0.227586 0.031034 0.020690
1 0.637931 0.198276 0.037931 0.031034
1 0.636207 0.072414 0.031034 0.041379
1 0.656897 0.063793 0.037931 0.024138
1 0.700000 0.020690 0.048276 0.041379
1 0.784483 0.054310 0.027586 0.039655
1 0.875000 0.068103 0.039655 0.025862
1 0.956034 0.241379 0.029310 0.037931
1 0.787069 0.208621 0.022414 0.041379
1 0.909483 0.264655 0.032759 0.053448
1 0.878448 0.218103 0.050000 0.050000
1 0.941379 0.142241 0.024138 0.032759
1 0.944828 0.183621 0.031034 0.046552
1 0.984483 0.269828 0.031034 0.050000
1 0.987931 0.361207 0.024138 0.046552
1 0.929310 0.419828 0.031034 0.029310
1 0.967241 0.493103 0.027586 0.044828
1 0.800000 0.474138 0.041379 0.031034
1 0.880172 0.613793 0.039655 0.037931
1 0.908621 0.665517 0.034483 0.048276
1 0.894828 0.723276 0.044828 0.015517
1 0.968103 0.820690 0.046552 0.037931
1 0.949138 0.860345 0.036207 0.037931
1 0.943103 0.970690 0.034483 0.037931
1 0.846552 0.936207 0.041379 0.020690
1 0.839655 0.903448 0.031034 0.034483
1 0.822414 0.987069 0.027586 0.025862
1 0.723276 0.898276 0.029310 0.034483
1 0.678448 0.973276 0.056897 0.025862
1 0.835345 0.689655 0.032759 0.020690
1 0.812069 0.646552 0.034483 0.037931
1 0.783621 0.604310 0.025862 0.029310
1 0.755172 0.600000 0.034483 0.024138
1 0.737069 0.648276 0.032759 0.034483
1 0.933621 0.540517 0.032759 0.032759
1 0.950862 0.561207 0.022414 0.032759
1 0.929310 0.505172 0.024138 0.034483
1 0.766379 0.237931 0.046552 0.031034
1 0.675862 0.094828 0.024138 0.031034
1 0.681034 0.616379 0.034483 0.032759
1 0.873276 0.838793 0.029310 0.036207
1 0.829310 0.834483 0.031034 0.024138
1 0.804310 0.790517 0.036207 0.025862
1 0.864655 0.765517 0.025862 0.041379
1 0.172414 0.565517 0.027586 0.041379
1 0.058621 0.569828 0.048276 0.022414
1 0.713793 0.810345 0.041379 0.034483