1 0.160345 0.223276 0.075862 0.063793
1 0.218103 0.308621 0.050000 0.037931
1 0.486207 0.421552 0.051724 0.032759
1 0.609483 0.293966 0.043103 0.039655
1 0.883621 0.189655 0.050000 0.048276
1 0.928448 0.034483 0.053448 0.027586
1 0.956034 0.124138 0.039655 0.041379
1 0.816379 0.306034 0.050000 0.046552
1 0.863793 0.376724 0.048276 0.039655
1 0.824138 0.487069 0.048276 0.043103
1 0.765517 0.537069 0.037931 0.067241
1 0.771552 0.656897 0.063793 0.034483
1 0.802586 0.699138 0.056897 0.053448
1 0.756897 0.623276 0.034483 0.032759
1 0.887931 0.596552 0.051724 0.055172
1 0.893103 0.639655 0.027586 0.041379
1 0.974138 0.656897 0.051724 0.079310
1 0.871552 0.762931 0.050000 0.050000
1 0.655172 0.387069 0.068966 0.060345
1 0.529310 0.215517 0.051724 0.044828
1 0.575862 0.201724 0.037931 0.044828
1 0.287069 0.207759 0.046552 0.063793
1 0.380172 0.315517 0.067241 0.062069
1 0.374138 0.520690 0.058621 0.044828
1 0.328448 0.603448 0.077586 0.055172
1 0.427586 0.788793 0.055172 0.053448
1 0.531897 0.768103 0.039655 0.046552
1 0.612931 0.770690 0.060345 0.062069
1 0.596552 0.090517 0.055172 0.053448