1 0.556897 0.306897 0.037931 0.044828
1 0.686207 0.242241 0.034483 0.036207
1 0.809483 0.256034 0.029310 0.043103
1 0.925000 0.272414 0.063793 0.065517
1 0.943103 0.173276 0.044828 0.039655
1 0.936207 0.036207 0.068966 0.068966
1 0.892241 0.075862 0.029310 0.031034
1 0.795690 0.062931 0.025862 0.032759
1 0.807759 0.146552 0.053448 0.048276
1 0.758621 0.074138 0.051724 0.051724
1 0.664655 0.261207 0.046552 0.036207
1 0.714655 0.562069 0.032759 0.044828
1 0.725862 0.604310 0.044828 0.029310
1 0.827586 0.602586 0.062069 0.025862
1 0.952586 0.619828 0.043103 0.046552
1 0.970690 0.566379 0.058620 0.043103
1 0.962931 0.731034 0.053448 0.065517
1 0.945690 0.837931 0.039655 0.024138
1 0.834483 0.773276 0.048276 0.036207
1 0.762931 0.717241 0.036207 0.027586
1 0.834483 0.684483 0.079310 0.065517
1 0.728448 0.671552 0.101724 0.043103
1 0.573276 0.638793 0.046552 0.039655
1 0.637069 0.608621 0.046552 0.044828
1 0.656897 0.525862 0.051724 0.037931
1 0.649138 0.461207 0.039655 0.070690
1 0.708621 0.410345 0.037931 0.048276
1 0.788793 0.367241 0.067241 0.031034
1 0.453448 0.299138 0.075862 0.053448
1 0.481897 0.225862 0.039655 0.027586
1 0.544828 0.168966 0.041379 0.034483
1 0.474138 0.064655 0.037931 0.029310
1 0.368966 0.307759 0.041379 0.046552
1 0.400862 0.344828 0.074138 0.051724
1 0.391379 0.446552 0.075862 0.079310
1 0.491379 0.402586 0.051724 0.053448
1 0.551724 0.578448 0.051724 0.063793
1 0.512069 0.640517 0.051724 0.067241
1 0.420690 0.525862 0.065517 0.062069
1 0.330172 0.562931 0.060345 0.056897
1 0.273276 0.493103 0.046552 0.048276
1 0.207759 0.396552 0.081034 0.096552
1 0.700862 0.741379 0.053448 0.037931
1 0.735345 0.807759 0.043103 0.046552
1 0.862069 0.881897 0.041379 0.056897
1 0.914655 0.888793 0.032759 0.039655
1 0.959483 0.900000 0.029310 0.034483
1 0.843966 0.966379 0.098276 0.063793
1 0.678448 0.938793 0.039655 0.043103
1 0.606034 0.893966 0.067241 0.053448
1 0.302586 0.717241 0.077586 0.065517
1 0.257759 0.168966 0.105172 0.068966
1 0.182759 0.252586 0.065517 0.074138