1 0.287931 0.125000 0.058621 0.070690
1 0.383621 0.102586 0.046552 0.039655
1 0.478448 0.030172 0.084483 0.060344
1 0.622414 0.107759 0.044828 0.067241
1 0.689655 0.104310 0.041379 0.046552
1 0.753448 0.164655 0.082759 0.060345
1 0.888793 0.189655 0.046552 0.031034
1 0.932759 0.167241 0.031034 0.044828
1 0.906034 0.302586 0.056897 0.067241
1 0.806897 0.287069 0.055172 0.046552
1 0.756897 0.328448 0.037931 0.036207
1 0.762069 0.396552 0.058621 0.041379
1 0.885345 0.385345 0.029310 0.029310
1 0.929310 0.432759 0.034483 0.031034
1 0.879310 0.455172 0.037931 0.037931
1 0.909483 0.475000 0.046552 0.029310
1 0.876724 0.538793 0.077586 0.060345
1 0.918103 0.644828 0.036207 0.048276
1 0.951724 0.675862 0.031034 0.041379
1 0.931897 0.728448 0.022414 0.029310
1 0.852586 0.705172 0.050000 0.037931
1 0.873276 0.796552 0.039655 0.075862
1 0.781897 0.821552 0.050000 0.074138
1 0.703448 0.757759 0.100000 0.070690
1 0.710345 0.646552 0.086207 0.075862
1 0.718103 0.555172 0.050000 0.037931
1 0.746552 0.503448 0.055172 0.048276
1 0.759483 0.456897 0.036207 0.037931
1 0.697414 0.268103 0.053448 0.084483
1 0.590517 0.248276 0.043103 0.037931
1 0.513793 0.307759 0.037931 0.053448
1 0.589655 0.385345 0.048276 0.039655
1 0.331034 0.510345 0.072414 0.055172
1 0.309483 0.387931 0.056897 0.044828
1 0.395690 0.358621 0.046552 0.031034
1 0.380172 0.259483 0.025862 0.050000
1 0.331034 0.259483 0.031034 0.043103
1 0.243966 0.177586 0.060345 0.048276
1 0.259483 0.031034 0.039655 0.037931
1 0.206034 0.033621 0.036207 0.053448
1 0.150862 0.055172 0.029310 0.065517
1 0.110345 0.201724 0.041379 0.037931
1 0.148276 0.280172 0.041379 0.060345
1 0.200862 0.265517 0.050000 0.072414
1 0.258621 0.303448 0.024138 0.034483
1 0.274138 0.446552 0.037931 0.065517
1 0.243966 0.506034 0.032759 0.043103
1 0.284483 0.540517 0.027586 0.050000
1 0.328448 0.591379 0.074138 0.089655
1 0.398276 0.581034 0.051724 0.051724
1 0.436207 0.602586 0.034483 0.025862
1 0.470690 0.491379 0.044828 0.068966
1 0.600862 0.557759 0.053448 0.046552
1 0.590517 0.470690 0.056897 0.058621
1 0.799138 0.544828 0.046552 0.065517
1 0.856897 0.885345 0.048276 0.043103
1 0.813793 0.891379 0.027586 0.041379
1 0.758621 0.894828 0.041379 0.055172
1 0.665517 0.842241 0.048276 0.039655
1 0.629310 0.810345 0.068966 0.051724
1 0.534483 0.712069 0.055172 0.044828
1 0.506034 0.668103 0.032759 0.050000
1 0.542241 0.566379 0.070690 0.081034
1 0.450000 0.688793 0.051724 0.070690
1 0.338793 0.752586 0.050000 0.081034
1 0.258621 0.672414 0.065517 0.068966
1 0.166379 0.596552 0.105172 0.086207
1 0.118966 0.678448 0.093103 0.070690
1 0.193966 0.897414 0.063793 0.036207
1 0.237069 0.954310 0.056897 0.050000
1 0.381034 0.911207 0.037931 0.036207
1 0.489655 0.939655 0.058621 0.055172
1 0.610345 0.912069 0.020690 0.048276
1 0.643966 0.892241 0.050000 0.046552
1 0.975862 0.590517 0.048276 0.084483
1 0.859483 0.079310 0.036207 0.037931
1 0.036207 0.117241 0.051724 0.055172
1 0.076724 0.496552 0.043103 0.041379
1 0.112931 0.534483 0.046552 0.044828
1 0.139655 0.739655 0.041379 0.034483
1 0.125862 0.889655 0.072414 0.048276
1 0.216379 0.767241 0.036207 0.041379
1 0.604310 0.670690 0.046552 0.048276
1 0.612931 0.726724 0.077586 0.046552
1 0.510345 0.168103 0.034483 0.050000
1 0.624138 0.175000 0.041379 0.046552
1 0.687931 0.214655 0.027586 0.046552
1 0.870690 0.258621 0.027586 0.044828