1 0.635345 0.367241 0.036207 0.027586
1 0.629310 0.341379 0.034483 0.031034
1 0.846552 0.303448 0.044828 0.027586
1 0.788793 0.368966 0.043103 0.031034
1 0.827586 0.357759 0.044828 0.039655
1 0.632759 0.510345 0.037931 0.034483
1 0.737931 0.558621 0.027586 0.034483
1 0.779310 0.558621 0.037931 0.037931
1 0.834483 0.506034 0.044828 0.025862
1 0.913793 0.600862 0.037931 0.029310
1 0.842241 0.702586 0.029310 0.036207
1 0.849138 0.660345 0.032759 0.027586
1 0.891379 0.737069 0.034483 0.036207
1 0.609483 0.737069 0.043103 0.036207
1 0.496552 0.749138 0.034483 0.032759
1 0.375000 0.692241 0.050000 0.032759
1 0.341379 0.634483 0.037931 0.041379
1 0.408621 0.620690 0.027586 0.041379
1 0.387931 0.468966 0.031034 0.024138
1 0.355172 0.418966 0.037931 0.027586
1 0.297414 0.368966 0.039655 0.037931
1 0.381034 0.272414 0.034483 0.034483
1 0.427586 0.185345 0.037931 0.036207
1 0.449138 0.105172 0.039655 0.037931
1 0.538793 0.049138 0.043103 0.036207
1 0.402586 0.039655 0.053448 0.034483
1 0.337931 0.202586 0.041379 0.029310
1 0.312069 0.077586 0.027586 0.031034
1 0.350862 0.074138 0.036207 0.024138
1 0.493103 0.050862 0.034483 0.032759
1 0.663793 0.058621 0.031034 0.027586
1 0.633621 0.080172 0.039655 0.032759
1 0.951724 0.790517 0.041379 0.043103
1 0.269828 0.795690 0.036207 0.018966
1 0.235345 0.765517 0.036207 0.037931
1 0.177586 0.568103 0.031034 0.043103
1 0.110345 0.086207 0.034483 0.027586
1 0.052586 0.063793 0.025862 0.031034
1 0.075862 0.131897 0.031034 0.032759
1 0.860345 0.136207 0.037931 0.027586
1 0.941379 0.066379 0.044828 0.032759
1 0.371552 0.849138 0.039655 0.029310
1 0.212931 0.876724 0.032759 0.025862