1 0.810345 0.418966 0.034483 0.048276
1 0.897414 0.420690 0.029310 0.044828
1 0.926724 0.395690 0.025862 0.025862
1 0.953448 0.423276 0.031034 0.039655
1 0.905172 0.491379 0.031034 0.037931
1 0.856034 0.517241 0.018966 0.037931
1 0.768103 0.558621 0.043103 0.031034
1 0.846552 0.710345 0.041379 0.041379
1 0.789655 0.741379 0.041379 0.034483
1 0.757759 0.764655 0.039655 0.025862
1 0.675862 0.743966 0.041379 0.029310
1 0.617241 0.733621 0.031034 0.039655
1 0.563793 0.677586 0.027586 0.027586
1 0.495690 0.691379 0.022414 0.027586
1 0.468103 0.663793 0.025862 0.037931
1 0.250862 0.296552 0.032759 0.031034
1 0.283621 0.275862 0.025862 0.031034
1 0.311207 0.637069 0.018966 0.022414
1 0.285345 0.697414 0.043103 0.046552
1 0.220690 0.736207 0.034483 0.024138
1 0.278448 0.773276 0.036207 0.032759
1 0.290517 0.838793 0.029310 0.036207
1 0.241379 0.832759 0.024138 0.027586
1 0.202586 0.835345 0.039655 0.039655
1 0.146552 0.808621 0.031034 0.048276
1 0.161207 0.887069 0.039655 0.036207
1 0.019828 0.302586 0.029310 0.050000
1 0.179310 0.126724 0.041379 0.032759
1 0.250862 0.170690 0.046552 0.034483
1 0.275000 0.120690 0.043103 0.055172
1 0.370690 0.122414 0.055172 0.041379
1 0.703448 0.050862 0.034483 0.039655