1 0.314655 0.222414 0.046552 0.044828
1 0.398276 0.173276 0.041379 0.029310
1 0.304310 0.302586 0.046552 0.043103
1 0.256897 0.206034 0.031034 0.053448
1 0.180172 0.266379 0.032759 0.039655
1 0.131897 0.227586 0.032759 0.041379
1 0.157759 0.186207 0.025862 0.037931
1 0.134483 0.322414 0.034483 0.041379
1 0.406897 0.320690 0.048276 0.031034
1 0.695690 0.243103 0.029310 0.058621
1 0.803448 0.250862 0.044828 0.036207
1 0.834483 0.249138 0.044828 0.032759
1 0.800862 0.375862 0.046552 0.044828
1 0.830172 0.569828 0.046552 0.036207
1 0.817241 0.535345 0.051724 0.022414
1 0.959483 0.493966 0.032759 0.029310
1 0.893966 0.593966 0.039655 0.036207
1 0.939655 0.676724 0.037931 0.043103
1 0.950862 0.737931 0.046552 0.034483
1 0.906034 0.894828 0.029310 0.031034
1 0.863793 0.891379 0.034483 0.041379
1 0.927586 0.031897 0.048276 0.063793
1 0.958621 0.081034 0.041379 0.027586
1 0.756897 0.050000 0.041379 0.031034
1 0.593966 0.081034 0.043103 0.031034
1 0.308621 0.015517 0.051724 0.031034
1 0.246552 0.596552 0.044828 0.044828
1 0.268103 0.681897 0.050000 0.039655
1 0.205172 0.685345 0.024138 0.032759
1 0.255172 0.650000 0.051724 0.024138
1 0.293966 0.827586 0.039655 0.058621
1 0.192241 0.851724 0.036207 0.034483
1 0.225862 0.910345 0.037931 0.031034
1 0.025862 0.730172 0.034483 0.039655
1 0.056034 0.456897 0.032759 0.041379
1 0.088793 0.075862 0.039655 0.041379
1 0.700000 0.375000 0.044828 0.043103