1 0.129310 0.098276 0.027586 0.034483
1 0.107759 0.020690 0.039655 0.037931
1 0.100862 0.093103 0.025862 0.024138
1 0.090517 0.112069 0.029310 0.027586
1 0.092241 0.150000 0.029310 0.031034
1 0.015517 0.095690 0.031034 0.043103
1 0.280172 0.079310 0.039655 0.044828
1 0.473276 0.010345 0.036207 0.020690
1 0.525862 0.035345 0.027586 0.025862
1 0.704310 0.037931 0.029310 0.031034
1 0.985345 0.046552 0.025862 0.020690
1 0.918103 0.118966 0.032759 0.024138
1 0.973276 0.198276 0.029310 0.037931
1 0.821552 0.143103 0.029310 0.034483
1 0.821552 0.169828 0.025862 0.046552
1 0.787069 0.135345 0.018966 0.039655
1 0.800000 0.085345 0.027586 0.018966
1 0.718103 0.100862 0.039655 0.029310
1 0.695690 0.127586 0.032759 0.037931
1 0.667241 0.200862 0.020690 0.029310
1 0.687069 0.206897 0.029310 0.031034
1 0.741379 0.181897 0.034483 0.025862
1 0.706034 0.272414 0.029310 0.034483
1 0.678448 0.278448 0.022414 0.036207
1 0.636207 0.240517 0.027586 0.053448
1 0.562931 0.292241 0.032759 0.032759
1 0.509483 0.157759 0.029310 0.039655
1 0.431034 0.139655 0.037931 0.027586
1 0.497414 0.109483 0.022414 0.036207
1 0.537931 0.104310 0.031034 0.032759
1 0.574138 0.104310 0.034483 0.025862
1 0.430172 0.083621 0.029310 0.029310
1 0.367241 0.100862 0.037931 0.029310
1 0.332759 0.148276 0.037931 0.044828
1 0.280172 0.144828 0.029310 0.027586
1 0.225000 0.199138 0.032759 0.036207
1 0.192241 0.260345 0.029310 0.037931
1 0.156897 0.259483 0.027586 0.029310
1 0.136207 0.293966 0.031034 0.025862
1 0.120690 0.191379 0.024138 0.037931
1 0.024138 0.336207 0.037931 0.044828
1 0.018966 0.385345 0.027586 0.032759
1 0.025862 0.425862 0.024138 0.044828
1 0.080172 0.350862 0.039655 0.043103
1 0.132759 0.412931 0.024138 0.043103
1 0.121552 0.393103 0.018966 0.041379
1 0.177586 0.342241 0.051724 0.046552
1 0.331034 0.301724 0.048276 0.048276
1 0.450000 0.267241 0.041379 0.034483
1 0.446552 0.236207 0.041379 0.027586
1 0.511207 0.266379 0.039655 0.025862
1 0.567241 0.212931 0.037931 0.039655
1 0.508621 0.322414 0.027586 0.044828
1 0.531897 0.315517 0.029310 0.027586
1 0.540517 0.370690 0.036207 0.037931
1 0.548276 0.339655 0.031034 0.027586
1 0.676724 0.333621 0.036207 0.032759
1 0.714655 0.350862 0.036207 0.039655
1 0.817241 0.218103 0.034483 0.046552
1 0.789655 0.188793 0.024138 0.029310
1 0.781897 0.225000 0.025862 0.039655
1 0.858621 0.311207 0.037931 0.029310
1 0.877586 0.266379 0.041379 0.036207
1 0.931897 0.357759 0.043103 0.039655
1 0.933621 0.409483 0.039655 0.036207
1 0.823276 0.418966 0.032759 0.027586
1 0.783621 0.380172 0.036207 0.036207
1 0.731897 0.397414 0.029310 0.036207
1 0.718103 0.436207 0.043103 0.031034
1 0.772414 0.418966 0.027586 0.024138
1 0.771552 0.437931 0.032759 0.031034
1 0.852586 0.446552 0.025862 0.034483
1 0.779310 0.455172 0.027586 0.034483
1 0.839655 0.489655 0.027586 0.041379
1 0.826724 0.526724 0.032759 0.036207
1 0.911207 0.510345 0.036207 0.044828
1 0.784483 0.543966 0.031034 0.029310
1 0.857759 0.561207 0.036207 0.036207
1 0.868103 0.580172 0.032759 0.036207
1 0.825862 0.593103 0.031034 0.031034
1 0.801724 0.620690 0.037931 0.034483
1 0.816379 0.670690 0.032759 0.034483
1 0.831897 0.698276 0.043103 0.031034
1 0.941379 0.694828 0.041379 0.031034
1 0.905172 0.740517 0.037931 0.022414
1 0.906034 0.774138 0.032759 0.027586
1 0.212069 0.446552 0.031034 0.044828
1 0.130172 0.463793 0.053448 0.034483
1 0.052586 0.497414 0.039655 0.036207
1 0.026724 0.529310 0.032759 0.051724
1 0.187931 0.558621 0.048276 0.031034
1 0.123276 0.505172 0.032759 0.044828
1 0.266379 0.522414 0.043103 0.031034
1 0.302586 0.406897 0.039655 0.041379
1 0.409483 0.444828 0.046552 0.034483
1 0.449138 0.383621 0.039655 0.050000
1 0.599138 0.382759 0.039655 0.048276
1 0.569828 0.500862 0.050000 0.036207
1 0.624138 0.499138 0.031034 0.036207
1 0.700862 0.490517 0.043103 0.036207
1 0.462931 0.456034 0.036207 0.036207
1 0.476724 0.478448 0.039655 0.036207
1 0.412069 0.501724 0.020690 0.048276
1 0.388793 0.506034 0.025862 0.039655
1 0.394828 0.541379 0.034483 0.034483
1 0.396552 0.579310 0.031034 0.044828
1 0.344828 0.549138 0.041379 0.036207
1 0.328448 0.591379 0.029310 0.037931
1 0.356897 0.622414 0.031034 0.034483
1 0.377586 0.661207 0.037931 0.029310
1 0.356897 0.678448 0.031034 0.032759
1 0.481897 0.626724 0.039655 0.036207
1 0.458621 0.626724 0.034483 0.022414
1 0.545690 0.676724 0.046552 0.032759
1 0.457759 0.673276 0.039655 0.029310
1 0.434483 0.712069 0.037931 0.031034
1 0.374138 0.731897 0.034483 0.029310
1 0.420690 0.790517 0.044828 0.046552
1 0.472414 0.775000 0.031034 0.032759
1 0.557759 0.730172 0.032759 0.036207
1 0.589655 0.736207 0.041379 0.037931
1 0.604310 0.777586 0.067241 0.037931
1 0.685345 0.712931 0.050000 0.039655
1 0.848276 0.819828 0.041379 0.032759
1 0.934483 0.771552 0.034483 0.036207
1 0.955172 0.960345 0.034483 0.041379
1 0.925862 0.963793 0.037931 0.031034
1 0.754310 0.875862 0.046552 0.041379
1 0.708621 0.979310 0.055172 0.034483
1 0.602586 0.967241 0.043103 0.048276
1 0.560345 0.896552 0.031034 0.044828
1 0.512931 0.905172 0.029310 0.044828
1 0.482759 0.860345 0.031034 0.037931
1 0.462931 0.918966 0.029310 0.034483
1 0.440517 0.943966 0.036207 0.036207
1 0.365517 0.966379 0.041379 0.029310
1 0.341379 0.981034 0.041379 0.034483
1 0.329310 0.825862 0.037931 0.031034
1 0.302586 0.757759 0.029310 0.046552
1 0.255172 0.939655 0.031034 0.034483
1 0.225862 0.986207 0.024138 0.027586
1 0.084483 0.954310 0.044828 0.032759
1 0.043966 0.906897 0.050000 0.037931
1 0.016379 0.962931 0.032758 0.025862
1 0.068966 0.851724 0.034483 0.027586
1 0.148276 0.823276 0.031034 0.032759
1 0.192241 0.763793 0.043103 0.031034
1 0.147414 0.717241 0.039655 0.037931
1 0.065517 0.747414 0.044828 0.043103
1 0.172414 0.669828 0.034483 0.036207
1 0.722414 0.723276 0.044828 0.053448