1 0.814655 0.428448 0.039655 0.036207
1 0.898276 0.427586 0.027586 0.031034
1 0.922414 0.550000 0.041379 0.037931
1 0.839655 0.718103 0.048276 0.053448
1 0.909483 0.777586 0.029310 0.034483
1 0.798276 0.946552 0.041379 0.048276
1 0.732759 0.935345 0.048276 0.036207
1 0.675000 0.859483 0.036207 0.029310
1 0.268103 0.620690 0.053448 0.037931
1 0.277586 0.665517 0.031034 0.041379
1 0.265517 0.738793 0.031034 0.036207
1 0.296552 0.716379 0.041379 0.039655
1 0.412069 0.805172 0.044828 0.041379
1 0.424138 0.751724 0.041379 0.034483
1 0.476724 0.665517 0.025862 0.024138
1 0.391379 0.608621 0.034483 0.034483
1 0.456034 0.443966 0.046552 0.043103
1 0.389655 0.292241 0.034483 0.039655
1 0.451724 0.262069 0.037931 0.034483
1 0.507759 0.244828 0.029310 0.037931
1 0.599138 0.196552 0.046552 0.041379
1 0.719828 0.144828 0.036207 0.041379
1 0.800000 0.053448 0.031034 0.041379
1 0.364655 0.189655 0.050000 0.031034
1 0.287069 0.280172 0.032759 0.029310
1 0.227586 0.269828 0.031034 0.036207
1 0.250000 0.162069 0.034483 0.034483
1 0.281897 0.126724 0.036207 0.046552
1 0.182759 0.129310 0.051724 0.037931
1 0.090517 0.189655 0.043103 0.031034
1 0.016379 0.242241 0.029310 0.032759
1 0.018103 0.306034 0.036206 0.039655
1 0.019828 0.423276 0.039655 0.025862
1 0.068103 0.641379 0.053448 0.034483
1 0.090517 0.684483 0.039655 0.037931
1 0.145690 0.713793 0.039655 0.034483
1 0.151724 0.812069 0.027586 0.027586
1 0.204310 0.914655 0.029310 0.036207
1 0.521552 0.850862 0.046552 0.036207
1 0.802586 0.367241 0.043103 0.034483
1 0.918103 0.251724 0.029310 0.058621
1 0.950862 0.135345 0.032759 0.043103
1 0.887069 0.047414 0.032759 0.036207
1 0.624138 0.504310 0.041379 0.039655
1 0.568103 0.553448 0.039655 0.034483
1 0.600862 0.440517 0.036207 0.039655
1 0.377586 0.121552 0.041379 0.039655
1 0.984483 0.584483 0.031034 0.037931
1 0.982759 0.534483 0.034482 0.034483
1 0.981034 0.478448 0.037931 0.025862
1 0.959483 0.888793 0.043103 0.043103