1 0.036207 0.069828 0.037931 0.039655
1 0.255172 0.068966 0.027586 0.044828
1 0.431897 0.107759 0.032759 0.039655
1 0.626724 0.112931 0.032759 0.032759
1 0.590517 0.151724 0.036207 0.034483
1 0.624138 0.182759 0.041379 0.037931
1 0.689655 0.168966 0.027586 0.024138
1 0.743966 0.315517 0.046552 0.037931
1 0.689655 0.349138 0.041379 0.029310
1 0.641379 0.337931 0.044828 0.037931
1 0.624138 0.381034 0.041379 0.034483
1 0.541379 0.386207 0.031034 0.034483
1 0.479310 0.373276 0.062069 0.036207
1 0.450000 0.314655 0.034483 0.032759
1 0.390517 0.428448 0.046552 0.025862
1 0.893103 0.366379 0.031034 0.039655
1 0.907759 0.456897 0.025862 0.044828
1 0.869828 0.480172 0.025862 0.029310
1 0.887069 0.528448 0.039655 0.029310
1 0.926724 0.720690 0.032759 0.027586
1 0.939655 0.675862 0.031034 0.031034
1 0.800000 0.673276 0.031034 0.032759
1 0.774138 0.700862 0.027586 0.032759
1 0.764655 0.668103 0.029310 0.039655
1 0.693103 0.657759 0.031034 0.029310
1 0.734483 0.600862 0.034483 0.032759
1 0.684483 0.567241 0.041379 0.037931
1 0.753448 0.472414 0.031034 0.041379
1 0.800862 0.453448 0.029310 0.027586
1 0.834483 0.438793 0.020690 0.029310
1 0.207759 0.392241 0.039655 0.043103
1 0.136207 0.263793 0.041379 0.041379
1 0.068966 0.276724 0.034483 0.036207
1 0.293103 0.168966 0.034483 0.031034
1 0.225000 0.151724 0.050000 0.044828
1 0.284483 0.231897 0.034483 0.036207
1 0.377586 0.140517 0.041379 0.039655
1 0.553448 0.205172 0.034483 0.034483
1 0.545690 0.229310 0.039655 0.031034
1 0.615517 0.248276 0.037931 0.034483
1 0.689655 0.255172 0.024138 0.031034
1 0.854310 0.087069 0.050000 0.039655
1 0.937069 0.075000 0.025862 0.025862
1 0.917241 0.173276 0.031034 0.029310
1 0.842241 0.835345 0.046552 0.046552
1 0.926724 0.812069 0.043103 0.034483
1 0.960345 0.888793 0.031034 0.032759
1 0.913793 0.897414 0.031034 0.043103
1 0.303448 0.806897 0.044828 0.034483
1 0.364655 0.727586 0.043103 0.034483
1 0.155172 0.593966 0.044828 0.039655
1 0.211207 0.626724 0.029310 0.032759
1 0.243966 0.506897 0.036207 0.041379