1 0.374138 0.289655 0.041379 0.044828
1 0.608621 0.259483 0.034483 0.043103
1 0.978448 0.337931 0.043103 0.031034
1 0.844828 0.160345 0.044828 0.024138
1 0.715517 0.106897 0.034483 0.024138
1 0.782759 0.229310 0.037931 0.037931
1 0.732759 0.282759 0.037931 0.031034
1 0.785345 0.504310 0.036207 0.039655
1 0.658621 0.502586 0.041379 0.039655
1 0.706897 0.656897 0.044828 0.037931
1 0.611207 0.668966 0.043103 0.037931
1 0.526724 0.631034 0.043103 0.048276
1 0.454310 0.664655 0.036207 0.022414
1 0.425862 0.634483 0.037931 0.027586
1 0.483621 0.480172 0.032759 0.032759
1 0.435345 0.454310 0.043103 0.039655
1 0.377586 0.494828 0.034483 0.034483
1 0.444828 0.702586 0.034483 0.036207
1 0.615517 0.781034 0.034483 0.031034
1 0.813793 0.747414 0.041379 0.032759
1 0.893966 0.684483 0.039655 0.031034
1 0.476724 0.839655 0.046552 0.037931
1 0.443966 0.784483 0.043103 0.044828
1 0.261207 0.788793 0.032759 0.032759
1 0.365517 0.887069 0.048276 0.050000
1 0.150000 0.859483 0.031034 0.036207
1 0.042241 0.742241 0.039655 0.063793
1 0.162069 0.123276 0.048276 0.039655
1 0.283621 0.287069 0.046552 0.050000
1 0.471552 0.043966 0.039655 0.036207
1 0.902586 0.897414 0.025862 0.032759
1 0.060345 0.138793 0.034483 0.025862