1 0.082759 0.013793 0.027586 0.027586
1 0.120690 0.025862 0.020690 0.037931
1 0.208621 0.020690 0.027586 0.020690
1 0.159483 0.091379 0.032759 0.031034
1 0.057759 0.059483 0.032759 0.025862
1 0.062069 0.122414 0.027586 0.037931
1 0.112931 0.167241 0.032759 0.027586
1 0.087931 0.206897 0.034483 0.031034
1 0.158621 0.211207 0.027586 0.043103
1 0.353448 0.082759 0.037931 0.037931
1 0.347414 0.182759 0.029310 0.034483
1 0.444828 0.087069 0.037931 0.039655
1 0.521552 0.117241 0.036207 0.037931
1 0.559483 0.112931 0.032759 0.039655
1 0.659483 0.092241 0.032759 0.029310
1 0.640517 0.053448 0.025862 0.037931
1 0.718966 0.019828 0.031034 0.036207
1 0.887931 0.046552 0.031034 0.031034
1 0.978448 0.012931 0.029310 0.025862
1 0.906034 0.008621 0.032759 0.017241
1 0.850000 0.065517 0.037931 0.044828
1 0.829310 0.081897 0.031034 0.043103
1 0.968966 0.159483 0.037931 0.036207
1 0.992241 0.054310 0.015517 0.025862
1 0.906034 0.193103 0.029310 0.037931
1 0.877586 0.199138 0.027586 0.032759
1 0.988793 0.273276 0.022414 0.046552
1 0.895690 0.355172 0.036207 0.051724
1 0.808621 0.374138 0.034483 0.037931
1 0.730172 0.187069 0.032759 0.036207
1 0.712931 0.191379 0.029310 0.034483
1 0.785345 0.211207 0.029310 0.029310
1 0.751724 0.267241 0.031034 0.031034
1 0.970690 0.456034 0.034483 0.036207
1 0.912931 0.486207 0.043103 0.027586
1 0.871552 0.531897 0.043103 0.046552
1 0.962069 0.586207 0.044828 0.048276
1 0.868103 0.671552 0.039655 0.036207
1 0.832759 0.704310 0.034483 0.039655
1 0.910345 0.818966 0.037931 0.031034
1 0.887069 0.843966 0.036207 0.046552
1 0.884483 0.934483 0.041379 0.034483
1 0.742241 0.931897 0.032759 0.032759
1 0.712069 0.956034 0.044828 0.039655
1 0.782759 0.827586 0.031034 0.034483
1 0.772414 0.775862 0.031034 0.041379
1 0.768103 0.720690 0.032759 0.037931
1 0.675000 0.844828 0.032759 0.037931
1 0.650000 0.784483 0.031034 0.044828
1 0.626724 0.725000 0.039655 0.050000
1 0.562931 0.727586 0.036207 0.048276
1 0.525862 0.681897 0.034483 0.046552
1 0.501724 0.680172 0.034483 0.032759
1 0.456034 0.645690 0.032759 0.039655
1 0.600862 0.593966 0.043103 0.043103
1 0.681034 0.538793 0.034483 0.039655
1 0.681034 0.487069 0.031034 0.043103
1 0.671552 0.414655 0.029310 0.036207
1 0.718966 0.406034 0.041379 0.032759
1 0.541379 0.861207 0.034483 0.032759
1 0.575862 0.809483 0.027586 0.029310
1 0.557759 0.774138 0.039655 0.027586
1 0.538793 0.822414 0.043103 0.027586
1 0.505172 0.869828 0.037931 0.039655
1 0.436207 0.964655 0.034483 0.043103
1 0.386207 0.932759 0.044828 0.041379
1 0.400000 0.792241 0.041379 0.039655
1 0.448276 0.738793 0.037931 0.039655
1 0.402586 0.715517 0.025862 0.041379
1 0.381897 0.743966 0.039655 0.029310
1 0.405172 0.557759 0.031034 0.056897
1 0.445690 0.538793 0.036207 0.053448
1 0.581034 0.506034 0.037931 0.050000
1 0.650000 0.427586 0.041379 0.037931
1 0.635345 0.375862 0.046552 0.044828
1 0.537069 0.387069 0.046552 0.050000
1 0.666379 0.289655 0.032759 0.041379
1 0.674138 0.261207 0.031034 0.032759
1 0.701724 0.223276 0.031034 0.029310
1 0.680172 0.200000 0.039655 0.041379
1 0.730172 0.292241 0.032759 0.056897
1 0.918966 0.439655 0.048276 0.034483
1 0.762931 0.582759 0.036207 0.058621
1 0.285345 0.953448 0.046552 0.034483
1 0.281034 0.887931 0.044828 0.044828
1 0.419828 0.857759 0.039655 0.050000
1 0.148276 0.940517 0.055172 0.046552
1 0.141379 0.796552 0.041379 0.055172
1 0.100862 0.806897 0.046552 0.051724
1 0.071552 0.732759 0.032759 0.041379
1 0.040517 0.735345 0.039655 0.046552
1 0.031897 0.606034 0.050000 0.053448
1 0.106897 0.563793 0.041379 0.044828
1 0.085345 0.537069 0.039655 0.046552
1 0.056897 0.493966 0.051724 0.053448
1 0.248276 0.638793 0.037931 0.046552
1 0.207759 0.630172 0.050000 0.053448
1 0.156034 0.612931 0.036207 0.043103
1 0.369828 0.650000 0.050000 0.044828
1 0.295690 0.528448 0.043103 0.050000
1 0.313793 0.449138 0.044828 0.043103
1 0.269828 0.397414 0.039655 0.060345
1 0.228448 0.411207 0.025862 0.043103
1 0.418103 0.393966 0.043103 0.039655
1 0.435345 0.372414 0.025862 0.037931
1 0.441379 0.324138 0.037931 0.041379
1 0.514655 0.307759 0.032759 0.043103
1 0.559483 0.325862 0.039655 0.027586
1 0.620690 0.275000 0.034483 0.036207
1 0.600000 0.239655 0.041379 0.041379
1 0.584483 0.201724 0.041379 0.051724
1 0.524138 0.162931 0.037931 0.043103
1 0.434483 0.192241 0.044828 0.039655
1 0.356034 0.300862 0.043103 0.029310
1 0.365517 0.276724 0.037931 0.046552
1 0.391379 0.257759 0.044828 0.043103
1 0.249138 0.271552 0.043103 0.032759
1 0.227586 0.223276 0.041379 0.043103
1 0.259483 0.212069 0.043103 0.037931
1 0.313793 0.167241 0.034483 0.041379
1 0.291379 0.089655 0.041379 0.041379
1 0.034483 0.299138 0.051724 0.039655
1 0.043103 0.249138 0.044828 0.039655
1 0.352586 0.440517 0.039655 0.043103
1 0.339655 0.525862 0.048276 0.041379
1 0.383621 0.366379 0.036207 0.039655
1 0.240517 0.904310 0.036207 0.043103
1 0.402586 0.023276 0.046552 0.046552
1 0.550000 0.200862 0.037931 0.039655
1 0.130172 0.659483 0.046552 0.036207
1 0.820690 0.893103 0.041379 0.044828