1 0.456034 0.075000 0.036207 0.032759
1 0.465517 0.099138 0.034483 0.032759
1 0.521552 0.080172 0.025862 0.029310
1 0.554310 0.071552 0.025862 0.029310
1 0.749138 0.085345 0.029310 0.032759
1 0.735345 0.115517 0.015517 0.027586
1 0.793103 0.164655 0.031034 0.036207
1 0.823276 0.188793 0.022414 0.036207
1 0.825862 0.222414 0.041379 0.041379
1 0.836207 0.256034 0.027586 0.032759
1 0.855172 0.298276 0.031034 0.031034
1 0.861207 0.344828 0.022414 0.020690
1 0.831897 0.350862 0.022414 0.029310
1 0.834483 0.399138 0.020690 0.036207
1 0.811207 0.356897 0.036207 0.027586
1 0.761207 0.397414 0.025862 0.039655
1 0.649138 0.361207 0.025862 0.036207
1 0.615517 0.328448 0.031034 0.029310
1 0.578448 0.358621 0.029310 0.034483
1 0.504310 0.347414 0.025862 0.036207
1 0.446552 0.368103 0.041379 0.036207
1 0.318966 0.398276 0.051724 0.024138
1 0.384483 0.378448 0.027586 0.025862
1 0.316379 0.343103 0.036207 0.037931
1 0.270690 0.311207 0.041379 0.046552
1 0.190517 0.477586 0.025862 0.037931
1 0.156897 0.391379 0.027586 0.041379
1 0.116379 0.468966 0.043103 0.048276
1 0.021552 0.510345 0.022414 0.020690
1 0.044828 0.466379 0.041379 0.039655
1 0.077586 0.496552 0.031034 0.034483
1 0.040517 0.564655 0.039655 0.043103
1 0.100862 0.643966 0.036207 0.046552
1 0.156034 0.587931 0.032759 0.031034
1 0.224138 0.690517 0.027586 0.025862
1 0.230172 0.711207 0.029310 0.036207
1 0.291379 0.722414 0.034483 0.041379
1 0.297414 0.668103 0.036207 0.025862
1 0.424138 0.610345 0.027586 0.041379
1 0.448276 0.604310 0.034483 0.029310
1 0.473276 0.653448 0.036207 0.037931
1 0.558621 0.567241 0.027586 0.027586
1 0.538793 0.518103 0.025862 0.036207
1 0.896552 0.606034 0.027586 0.015517
1 0.871552 0.560345 0.025862 0.017241
1 0.780172 0.577586 0.018966 0.037931
1 0.821552 0.508621 0.022414 0.013793
1 0.811207 0.475000 0.039655 0.022414
1 0.860345 0.497414 0.048276 0.032759
1 0.954310 0.509483 0.046552 0.029310
1 0.950000 0.622414 0.037931 0.031034
1 0.953448 0.658621 0.037931 0.034483
1 0.877586 0.689655 0.027586 0.024138
1 0.768103 0.718103 0.032759 0.022414
1 0.736207 0.663793 0.034483 0.031034
1 0.697414 0.640517 0.032759 0.022414
1 0.699138 0.575862 0.022414 0.034483
1 0.732759 0.574138 0.031034 0.024138
1 0.753448 0.627586 0.027586 0.024138
1 0.743966 0.508621 0.032759 0.031034
1 0.642241 0.181034 0.029310 0.024138
1 0.606897 0.206897 0.020690 0.027586
1 0.661207 0.122414 0.032759 0.024138
1 0.881034 0.050862 0.031034 0.029310
1 0.950000 0.108621 0.027586 0.031034
1 0.934483 0.249138 0.013793 0.029310
1 0.914655 0.245690 0.036207 0.022414
1 0.902586 0.193966 0.039655 0.039655
1 0.948276 0.212931 0.031034 0.032759
1 0.899138 0.681034 0.022414 0.034483
1 0.884483 0.748276 0.031034 0.027586
1 0.515517 0.817241 0.031034 0.034483
1 0.481034 0.801724 0.034483 0.031034
1 0.228448 0.156034 0.036207 0.032759
1 0.156897 0.149138 0.048276 0.029310
1 0.159483 0.108621 0.046552 0.027586
1 0.172414 0.087069 0.041379 0.039655
1 0.300862 0.042241 0.039655 0.029310
1 0.334483 0.068103 0.027586 0.029310
1 0.360345 0.087931 0.024138 0.024138
1 0.367241 0.047414 0.027586 0.036207
1 0.331034 0.115517 0.027586 0.037931
1 0.307759 0.204310 0.025862 0.036207
1 0.389655 0.207759 0.027586 0.046552
1 0.382759 0.245690 0.041379 0.039655
1 0.444828 0.237069 0.027586 0.032759
1 0.397414 0.657759 0.025862 0.025862
1 0.434483 0.702586 0.024138 0.025862
1 0.603448 0.748276 0.041379 0.020690
1 0.609483 0.624138 0.022414 0.027586
1 0.587069 0.653448 0.029310 0.034483
1 0.644828 0.599138 0.024138 0.018966
1 0.625862 0.556897 0.031034 0.044828
1 0.675862 0.488793 0.034483 0.036207
1 0.722414 0.474138 0.034483 0.034483
1 0.661207 0.434483 0.025862 0.027586
1 0.628448 0.421552 0.032759 0.036207
1 0.603448 0.427586 0.037931 0.031034
1 0.525862 0.410345 0.037931 0.027586
1 0.487069 0.532759 0.036207 0.031034
1 0.462069 0.504310 0.051724 0.032759
1 0.409483 0.499138 0.036207 0.025862
1 0.387069 0.493966 0.050000 0.029310
1 0.343966 0.469828 0.029310 0.032759
1 0.276724 0.633621 0.039655 0.039655
1 0.334483 0.624138 0.031034 0.024138
1 0.371552 0.712069 0.025862 0.027586
1 0.382759 0.738793 0.017241 0.029310
1 0.343966 0.707759 0.029310 0.022414