1 0.705172 0.139655 0.027586 0.031034
1 0.734483 0.127586 0.027586 0.027586
1 0.771552 0.141379 0.022414 0.027586
1 0.788793 0.116379 0.015517 0.015517
1 0.820690 0.126724 0.027586 0.022414
1 0.837069 0.142241 0.025862 0.012069
1 0.853448 0.118966 0.024138 0.024138
1 0.922414 0.109483 0.044828 0.018966
1 0.974138 0.274138 0.027586 0.027586
1 0.965517 0.331897 0.013793 0.032759
1 0.935345 0.296552 0.012069 0.034483
1 0.849138 0.368966 0.022414 0.017241
1 0.919828 0.390517 0.029310 0.039655
1 0.944828 0.422414 0.024138 0.027586
1 0.965517 0.422414 0.024138 0.031034
1 0.908621 0.437931 0.031034 0.027586
1 0.917241 0.459483 0.031034 0.025862
1 0.834483 0.407759 0.024138 0.018966
1 0.810345 0.349138 0.017241 0.029310
1 0.767241 0.268103 0.024138 0.015517
1 0.739655 0.258621 0.024138 0.041379
1 0.725862 0.225000 0.020690 0.032759
1 0.700000 0.206897 0.027586 0.037931
1 0.696552 0.261207 0.024138 0.018966
1 0.664655 0.302586 0.029310 0.022414
1 0.628448 0.231897 0.032759 0.025862
1 0.568966 0.224138 0.027586 0.020690
1 0.540517 0.217241 0.025862 0.024138
1 0.575000 0.151724 0.022414 0.027586
1 0.528448 0.104310 0.039655 0.046552
1 0.481897 0.146552 0.022414 0.034483
1 0.427586 0.166379 0.024138 0.032759
1 0.373276 0.118966 0.025862 0.037931
1 0.345690 0.149138 0.029310 0.032759
1 0.348276 0.190517 0.031034 0.018966
1 0.262069 0.256034 0.027586 0.036207
1 0.243103 0.310345 0.027586 0.034483
1 0.333621 0.432759 0.032759 0.024138
1 0.362931 0.491379 0.022414 0.034483
1 0.424138 0.584483 0.027586 0.020690
1 0.437069 0.615517 0.025862 0.037931
1 0.474138 0.606034 0.031034 0.032759
1 0.496552 0.681897 0.041379 0.029310
1 0.376724 0.644828 0.039655 0.027586
1 0.342241 0.623276 0.022414 0.018966
1 0.362069 0.792241 0.017241 0.015517
1 0.344828 0.768966 0.013793 0.013793
1 0.346552 0.818966 0.024138 0.048276
1 0.322414 0.831897 0.013793 0.032759
1 0.330172 0.862931 0.029310 0.029310
1 0.258621 0.843103 0.024138 0.034483
1 0.350862 0.949138 0.025862 0.039655
1 0.674138 0.875000 0.024138 0.025862
1 0.700000 0.870690 0.024138 0.027586
1 0.719828 0.872414 0.029310 0.024138
1 0.771552 0.841379 0.032759 0.027586
1 0.814655 0.842241 0.036207 0.029310
1 0.911207 0.763793 0.022414 0.031034
1 0.823276 0.656897 0.029310 0.027586
1 0.717241 0.551724 0.037931 0.037931
1 0.750862 0.539655 0.018966 0.027586
1 0.826724 0.528448 0.029310 0.032759
1 0.251724 0.118103 0.031034 0.015517
1 0.317241 0.027586 0.031034 0.048276
1 0.240517 0.108621 0.029310 0.027586
1 0.193103 0.081034 0.037931 0.037931
1 0.161207 0.111207 0.025862 0.039655
1 0.208621 0.173276 0.037931 0.029310
1 0.141379 0.180172 0.031034 0.032759
1 0.159483 0.213793 0.025862 0.027586
1 0.197414 0.202586 0.029310 0.025862
1 0.140517 0.362069 0.036207 0.051724
1 0.062069 0.314655 0.034483 0.043103
1 0.054310 0.212069 0.043103 0.034483
1 0.100862 0.060345 0.032759 0.020690
1 0.227586 0.531034 0.041379 0.044828
1 0.259483 0.543966 0.025862 0.039655
1 0.231034 0.637931 0.031034 0.024138
1 0.249138 0.656897 0.029310 0.020690
1 0.176724 0.610345 0.032759 0.041379
1 0.138793 0.681897 0.025862 0.025862
1 0.143966 0.710345 0.025862 0.034483
1 0.121552 0.730172 0.018966 0.029310
1 0.120690 0.786207 0.027586 0.031034
1 0.707759 0.344828 0.032759 0.037931
1 0.768103 0.400000 0.039655 0.037931
1 0.693103 0.418103 0.024138 0.018966
1 0.721552 0.470690 0.018966 0.034483
1 0.761207 0.499138 0.018966 0.022414
1 0.849138 0.586207 0.039655 0.027586
1 0.767241 0.604310 0.031034 0.025862
1 0.729310 0.631897 0.017241 0.012069
1 0.700000 0.619828 0.024138 0.018966
1 0.687931 0.701724 0.027586 0.020690
1 0.724138 0.725000 0.024138 0.022414
1 0.811207 0.731897 0.036207 0.025862
1 0.802586 0.801724 0.029310 0.027586
1 0.816379 0.812931 0.039655 0.025862
1 0.919828 0.914655 0.025862 0.025862
1 0.958621 0.801724 0.024138 0.037931
1 0.966379 0.750000 0.012069 0.013793
1 0.935345 0.730172 0.029310 0.025862
1 0.903448 0.657759 0.037931 0.043103
1 0.820690 0.078448 0.020690 0.015517
1 0.809483 0.040517 0.025862 0.018966
1 0.713793 0.031897 0.024138 0.025862