1 0.226724 0.219828 0.053448 0.032759
1 0.281034 0.267241 0.031034 0.037931
1 0.261207 0.391379 0.050000 0.034483
1 0.530172 0.249138 0.046552 0.036207
1 0.846552 0.326724 0.037931 0.046552
1 0.777586 0.378448 0.044828 0.039655
1 0.679310 0.392241 0.027586 0.032759
1 0.629310 0.470690 0.034483 0.037931
1 0.638793 0.562931 0.029310 0.046552
1 0.668103 0.556034 0.043103 0.029310
1 0.712069 0.550862 0.034483 0.025862
1 0.790517 0.546552 0.036207 0.034483
1 0.845690 0.530172 0.046552 0.039655
1 0.921552 0.686207 0.039655 0.037931
1 0.881897 0.640517 0.053448 0.036207
1 0.795690 0.693103 0.050000 0.031034
1 0.791379 0.741379 0.037931 0.037931
1 0.858621 0.850000 0.041379 0.044828
1 0.905172 0.956897 0.037931 0.044828
1 0.131897 0.835345 0.050000 0.036207
1 0.138793 0.944828 0.029310 0.041379
1 0.294828 0.636207 0.037931 0.031034
1 0.450862 0.693103 0.029310 0.031034
1 0.496552 0.616379 0.031034 0.036207
1 0.491379 0.512931 0.034483 0.029310