1 0.373276 0.481897 0.043103 0.043103
1 0.317241 0.413793 0.034483 0.031034
1 0.330172 0.390517 0.032759 0.029310
1 0.371552 0.331034 0.022414 0.037931
1 0.345690 0.318966 0.032759 0.034483
1 0.317241 0.350000 0.041379 0.027586
1 0.260345 0.450000 0.037931 0.034483
1 0.269828 0.507759 0.025862 0.043103
1 0.307759 0.474138 0.025862 0.031034
1 0.295690 0.280172 0.032759 0.029310
1 0.330172 0.278448 0.039655 0.018966
1 0.362931 0.272414 0.036207 0.027586
1 0.329310 0.250862 0.024138 0.022414
1 0.379310 0.249138 0.027586 0.032759
1 0.325862 0.198276 0.034483 0.031034
1 0.368103 0.206897 0.046552 0.024138
1 0.361207 0.177586 0.032759 0.034483
1 0.403448 0.142241 0.027586 0.039655
1 0.381034 0.118966 0.034483 0.031034
1 0.378448 0.091379 0.036207 0.041379
1 0.347414 0.062931 0.032759 0.039655
1 0.418103 0.059483 0.036207 0.036207
1 0.456034 0.038793 0.036207 0.029310
1 0.464655 0.064655 0.029310 0.029310
1 0.522414 0.014655 0.034483 0.029310
1 0.662931 0.068103 0.063793 0.063793
1 0.665517 0.021552 0.041379 0.029310
1 0.704310 0.039655 0.036207 0.041379
1 0.735345 0.049138 0.036207 0.025862
1 0.758621 0.123276 0.031034 0.036207
1 0.773276 0.134483 0.043103 0.024138
1 0.793966 0.047414 0.025862 0.039655
1 0.935345 0.070690 0.036207 0.041379
1 0.905172 0.164655 0.037931 0.036207
1 0.845690 0.177586 0.032759 0.037931
1 0.731034 0.181034 0.044828 0.034483
1 0.706034 0.147414 0.029310 0.032759
1 0.780172 0.249138 0.025862 0.032759
1 0.347414 0.531897 0.029310 0.029310
1 0.334483 0.591379 0.020690 0.044828
1 0.330172 0.625862 0.025862 0.037931
1 0.303448 0.609483 0.034483 0.046552
1 0.271552 0.755172 0.025862 0.048276
1 0.248276 0.765517 0.037931 0.048276
1 0.245690 0.962931 0.032759 0.036207
1 0.332759 0.984483 0.037931 0.031034
1 0.147414 0.949138 0.043103 0.043103
1 0.051724 0.906034 0.034483 0.039655
1 0.100000 0.869828 0.024138 0.039655
1 0.131034 0.852586 0.037931 0.039655
1 0.142241 0.820690 0.039655 0.044828
1 0.084483 0.719828 0.037931 0.046552
1 0.031897 0.741379 0.036207 0.051724
1 0.016379 0.807759 0.032758 0.043103
1 0.019828 0.917241 0.029310 0.041379
1 0.087931 0.636207 0.041379 0.048276
1 0.132759 0.590517 0.031034 0.029310
1 0.107759 0.583621 0.018966 0.039655
1 0.147414 0.535345 0.036207 0.032759
1 0.085345 0.492241 0.043103 0.039655
1 0.012069 0.483621 0.024138 0.036207
1 0.050000 0.429310 0.037931 0.031034
1 0.093966 0.355172 0.039655 0.034483
1 0.016379 0.340517 0.032758 0.025862
1 0.028448 0.246552 0.025862 0.027586
1 0.033621 0.150862 0.032759 0.032759
1 0.062931 0.119828 0.032759 0.039655
1 0.026724 0.118103 0.036207 0.025862
1 0.018103 0.044828 0.036206 0.031034
1 0.120690 0.025862 0.034483 0.044828
1 0.146552 0.096552 0.034483 0.041379
1 0.166379 0.145690 0.032759 0.032759
1 0.187931 0.160345 0.027586 0.037931
1 0.218103 0.124138 0.025862 0.031034
1 0.285345 0.074138 0.032759 0.031034
1 0.139655 0.244828 0.031034 0.051724
1 0.190517 0.253448 0.029310 0.034483
1 0.225862 0.225000 0.041379 0.032759
1 0.251724 0.268966 0.031034 0.058621
1 0.189655 0.319828 0.034483 0.039655
1 0.180172 0.363793 0.046552 0.031034
1 0.198276 0.446552 0.031034 0.027586
1 0.157759 0.443966 0.029310 0.022414
1 0.169828 0.473276 0.046552 0.032759
1 0.225862 0.610345 0.034483 0.027586
1 0.076724 0.545690 0.039655 0.025862
1 0.038793 0.524138 0.032759 0.034483
1 0.456034 0.249138 0.036207 0.050000
1 0.474138 0.187069 0.027586 0.043103
1 0.501724 0.198276 0.031034 0.041379
1 0.535345 0.143966 0.056897 0.032759
1 0.618966 0.099138 0.034483 0.025862
1 0.631034 0.178448 0.027586 0.025862
1 0.612931 0.197414 0.025862 0.029310
1 0.607759 0.249138 0.036207 0.025862
1 0.550862 0.231034 0.039655 0.037931
1 0.566379 0.318103 0.032759 0.039655
1 0.613793 0.300000 0.027586 0.027586
1 0.546552 0.373276 0.027586 0.025862
1 0.504310 0.356034 0.036207 0.025862
1 0.499138 0.394828 0.036207 0.034483
1 0.460345 0.400862 0.044828 0.032759
1 0.449138 0.359483 0.032759 0.039655
1 0.425000 0.332759 0.043103 0.031034
1 0.449138 0.522414 0.029310 0.031034
1 0.425862 0.541379 0.037931 0.027586
1 0.451724 0.569828 0.034483 0.032759
1 0.350862 0.702586 0.032759 0.032759
1 0.447414 0.688793 0.036207 0.036207
1 0.409483 0.708621 0.032759 0.055172
1 0.612069 0.770690 0.031034 0.041379
1 0.537931 0.697414 0.031034 0.032759
1 0.549138 0.640517 0.029310 0.036207
1 0.510345 0.686207 0.027586 0.044828
1 0.463793 0.632759 0.037931 0.037931
1 0.464655 0.744828 0.039655 0.034483
1 0.435345 0.764655 0.053448 0.046552
1 0.381034 0.530172 0.020690 0.039655
1 0.369828 0.736207 0.029310 0.051724
1 0.254310 0.822414 0.036207 0.037931
1 0.284483 0.876724 0.044828 0.053448
1 0.363793 0.917241 0.031034 0.048276
1 0.374138 0.888793 0.037931 0.036207
1 0.409483 0.885345 0.036207 0.032759
1 0.395690 0.846552 0.039655 0.034483
1 0.420690 0.975000 0.044828 0.029310
1 0.200862 0.793966 0.032759 0.043103
1 0.494828 0.837931 0.031034 0.027586
1 0.512931 0.799138 0.029310 0.039655
1 0.496552 0.870690 0.031034 0.031034
1 0.553448 0.873276 0.034483 0.032759
1 0.570690 0.888793 0.037931 0.032759
1 0.671552 0.843966 0.043103 0.039655
1 0.699138 0.876724 0.053448 0.039655
1 0.673276 0.917241 0.036207 0.044828
1 0.923276 0.859483 0.053448 0.043103
1 0.797414 0.980172 0.053448 0.029310
1 0.721552 0.735345 0.029310 0.032759
1 0.745690 0.715517 0.032759 0.024138
1 0.693966 0.721552 0.032759 0.025862
1 0.656897 0.689655 0.048276 0.041379
1 0.723276 0.687931 0.022414 0.034483
1 0.785345 0.578448 0.043103 0.043103
1 0.818966 0.586207 0.041379 0.048276
1 0.820690 0.537931 0.051724 0.027586
1 0.500000 0.518103 0.027586 0.043103
1 0.616379 0.553448 0.032759 0.034483
1 0.700862 0.639655 0.039655 0.031034
1 0.731034 0.656897 0.034483 0.034483
1 0.702586 0.459483 0.032759 0.046552
1 0.728448 0.412069 0.053448 0.055172
1 0.758621 0.431897 0.044828 0.046552
1 0.804310 0.434483 0.032759 0.048276
1 0.837069 0.412069 0.053448 0.051724
1 0.877586 0.486207 0.048276 0.044828
1 0.922414 0.431897 0.044828 0.039655
1 0.946552 0.398276 0.041379 0.041379
1 0.784483 0.366379 0.034483 0.029310
1 0.755172 0.313793 0.051724 0.048276
1 0.706034 0.270690 0.046552 0.034483
1 0.682759 0.257759 0.041379 0.032759
1 0.664655 0.303448 0.029310 0.027586
1 0.953448 0.239655 0.031034 0.037931
1 0.913793 0.219828 0.024138 0.025862
1 0.785345 0.181897 0.032759 0.032759
1 0.805172 0.193103 0.031034 0.041379
1 0.973276 0.079310 0.022414 0.041379
1 0.614655 0.880172 0.032759 0.043103
1 0.628448 0.845690 0.039655 0.046552
1 0.858621 0.781897 0.031034 0.043103
1 0.881897 0.762931 0.029310 0.036207
1 0.903448 0.635345 0.034483 0.036207
1 0.846552 0.912069 0.041379 0.048276
1 0.807759 0.937069 0.039655 0.036207
1 0.044828 0.031034 0.031034 0.041379