1 0.495690 0.511207 0.036207 0.039655
1 0.498276 0.428448 0.034483 0.025862
1 0.588793 0.385345 0.032759 0.056897
1 0.670690 0.231897 0.041379 0.043103
1 0.792241 0.137069 0.036207 0.050000
1 0.843103 0.410345 0.034483 0.037931
1 0.587069 0.839655 0.070690 0.044828
1 0.962931 0.575862 0.050000 0.096552
1 0.907759 0.978448 0.039655 0.043103
1 0.532759 0.919828 0.065517 0.070690
1 0.599138 0.906034 0.029310 0.032759
1 0.849138 0.851724 0.032759 0.065517
1 0.855172 0.272414 0.031034 0.027586
1 0.475000 0.194828 0.053448 0.037931
1 0.532759 0.204310 0.058621 0.046552
1 0.472414 0.152586 0.044828 0.043103
1 0.760345 0.960345 0.134483 0.079310
1 0.400000 0.961207 0.068966 0.077586
1 0.304310 0.975000 0.101724 0.050000
1 0.362931 0.778448 0.050000 0.063793
1 0.471552 0.636207 0.046552 0.048276
1 0.525000 0.599138 0.036207 0.046552
1 0.488793 0.306034 0.046552 0.056897
1 0.304310 0.100862 0.070690 0.036207
1 0.554310 0.068103 0.036207 0.050000
1 0.573276 0.125862 0.046552 0.048276
1 0.066379 0.638793 0.063793 0.056897
1 0.059483 0.497414 0.053448 0.039655
1 0.182759 0.562069 0.027586 0.034483
1 0.333621 0.435345 0.036207 0.046552
1 0.927586 0.364655 0.044828 0.043103
1 0.756897 0.753448 0.041379 0.044828
1 0.818966 0.631897 0.034483 0.032759
1 0.837931 0.597414 0.048276 0.050000
1 0.699138 0.572414 0.022414 0.044828