1 0.421552 0.213793 0.036207 0.034483
1 0.741379 0.143966 0.055172 0.046552
1 0.775862 0.081034 0.048276 0.044828
1 0.615517 0.175862 0.044828 0.037931
1 0.660345 0.227586 0.051724 0.068966
1 0.702586 0.245690 0.029310 0.039655
1 0.719828 0.300000 0.050000 0.037931
1 0.918966 0.406897 0.034483 0.062069
1 0.620690 0.518966 0.034483 0.041379
1 0.541379 0.462069 0.041379 0.044828
1 0.592241 0.406897 0.036207 0.058621
1 0.676724 0.398276 0.046552 0.044828
1 0.426724 0.620690 0.043103 0.062069
1 0.397414 0.541379 0.032759 0.048276
1 0.438793 0.462931 0.043103 0.036207
1 0.436207 0.411207 0.027586 0.053448
1 0.402586 0.371552 0.039655 0.053448
1 0.390517 0.315517 0.039655 0.044828
1 0.352586 0.342241 0.046552 0.053448
1 0.229310 0.355172 0.044828 0.031034
1 0.315517 0.349138 0.034483 0.043103
1 0.309483 0.450000 0.032759 0.041379
1 0.346552 0.483621 0.037931 0.036207
1 0.320690 0.583621 0.044828 0.046552
1 0.242241 0.507759 0.029310 0.056897
1 0.204310 0.493103 0.039655 0.044828
1 0.173276 0.564655 0.039655 0.032759
1 0.145690 0.446552 0.029310 0.031034
1 0.226724 0.716379 0.036207 0.036207
1 0.302586 0.229310 0.036207 0.037931
1 0.356034 0.187931 0.036207 0.051724
1 0.423276 0.148276 0.036207 0.044828
1 0.863793 0.617241 0.065517 0.048276
1 0.297414 0.720690 0.046552 0.055172
1 0.243966 0.610345 0.036207 0.037931
1 0.195690 0.259483 0.043103 0.039655
1 0.201724 0.163793 0.034483 0.044828
1 0.731034 0.104310 0.034483 0.039655
1 0.585345 0.842241 0.060345 0.043103
1 0.112931 0.588793 0.046552 0.043103
1 0.067241 0.576724 0.041379 0.039655
1 0.168103 0.828448 0.036207 0.043103