1 0.337931 0.543966 0.031034 0.032759
1 0.318103 0.506897 0.036207 0.031034
1 0.369828 0.494828 0.032759 0.037931
1 0.437931 0.431034 0.041379 0.034483
1 0.385345 0.374138 0.032759 0.034483
1 0.554310 0.303448 0.043103 0.037931
1 0.718103 0.143103 0.032759 0.031034
1 0.762931 0.095690 0.039655 0.029310
1 0.735345 0.073276 0.036207 0.032759
1 0.721552 0.043966 0.043103 0.032759
1 0.696552 0.111207 0.034483 0.032759
1 0.650000 0.112931 0.034483 0.032759
1 0.717241 0.356034 0.041379 0.056897
1 0.788793 0.309483 0.050000 0.046552
1 0.817241 0.252586 0.044828 0.039655
1 0.902586 0.371552 0.032759 0.046552
1 0.926724 0.333621 0.032759 0.043103
1 0.979310 0.472414 0.031034 0.044828
1 0.887931 0.686207 0.037931 0.041379
1 0.766379 0.862069 0.043103 0.037931
1 0.691379 0.851724 0.041379 0.044828
1 0.672414 0.895690 0.031034 0.036207
1 0.418103 0.748276 0.053448 0.041379
1 0.530172 0.687931 0.032759 0.037931
1 0.488793 0.686207 0.032759 0.037931
1 0.454310 0.668966 0.039655 0.041379
1 0.643966 0.501724 0.032759 0.041379
1 0.667241 0.479310 0.031034 0.041379
1 0.631897 0.440517 0.032759 0.036207
1 0.140517 0.096552 0.046552 0.041379
1 0.099138 0.118103 0.025862 0.025862
1 0.091379 0.089655 0.037931 0.037931
1 0.156897 0.357759 0.031034 0.050000
1 0.112069 0.325862 0.037931 0.041379
1 0.080172 0.337931 0.039655 0.037931
1 0.027586 0.388793 0.037931 0.050000
1 0.484483 0.141379 0.051724 0.041379
1 0.453448 0.179310 0.037931 0.037931
1 0.408621 0.256034 0.034483 0.036207
1 0.349138 0.292241 0.046552 0.043103
1 0.449138 0.323276 0.043103 0.043103
1 0.311207 0.356897 0.046552 0.041379
1 0.245690 0.522414 0.036207 0.041379
1 0.198276 0.514655 0.034483 0.032759
1 0.119828 0.577586 0.036207 0.037931
1 0.075000 0.663793 0.036207 0.041379
1 0.014655 0.645690 0.029310 0.043103
1 0.033621 0.740517 0.039655 0.039655
1 0.134483 0.879310 0.044828 0.051724
1 0.056034 0.940517 0.039655 0.036207
1 0.197414 0.862069 0.043103 0.058621
1 0.373276 0.837931 0.032759 0.044828
1 0.355172 0.800000 0.051724 0.034483
1 0.312069 0.750862 0.065517 0.036207
1 0.256034 0.691379 0.036207 0.034483
1 0.217241 0.655172 0.041379 0.031034
1 0.248276 0.603448 0.034483 0.027586
1 0.275000 0.617241 0.022414 0.037931
1 0.279310 0.570690 0.041379 0.024138
1 0.917241 0.527586 0.048276 0.048276
1 0.318103 0.057759 0.032759 0.043103