1 0.393966 0.182759 0.032759 0.041379
1 0.539655 0.150862 0.031034 0.032759
1 0.606034 0.193103 0.029310 0.037931
1 0.673276 0.221552 0.036207 0.029310
1 0.835345 0.156897 0.036207 0.031034
1 0.764655 0.300000 0.036207 0.027586
1 0.679310 0.301724 0.027586 0.017241
1 0.557759 0.377586 0.039655 0.037931
1 0.772414 0.539655 0.037931 0.031034
1 0.850000 0.469828 0.041379 0.039655
1 0.887069 0.483621 0.039655 0.046552
1 0.811207 0.575862 0.032759 0.044828
1 0.637931 0.618966 0.041379 0.037931
1 0.585345 0.708621 0.032759 0.031034
1 0.624138 0.757759 0.034483 0.036207
1 0.495690 0.771552 0.029310 0.029310
1 0.375000 0.785345 0.029310 0.032759
1 0.305172 0.699138 0.031034 0.036207
1 0.351724 0.349138 0.027586 0.039655
1 0.321552 0.159483 0.025862 0.025862
1 0.312931 0.133621 0.046552 0.036207
1 0.869828 0.666379 0.032759 0.043103
1 0.739655 0.692241 0.037931 0.029310
1 0.707759 0.741379 0.032759 0.034483
1 0.505172 0.840517 0.027586 0.029310
1 0.188793 0.799138 0.039655 0.036207
1 0.258621 0.752586 0.027586 0.022414
1 0.228448 0.252586 0.025862 0.025862
1 0.304310 0.235345 0.046552 0.032759
1 0.238793 0.406034 0.036207 0.039655