1 0.662069 0.295690 0.041379 0.036207
1 0.601724 0.310345 0.051724 0.034483
1 0.546552 0.318103 0.041379 0.039655
1 0.501724 0.325000 0.048276 0.036207
1 0.539655 0.399138 0.034483 0.032759
1 0.615517 0.402586 0.034483 0.036207
1 0.607759 0.441379 0.032759 0.037931
1 0.677586 0.437931 0.024138 0.034483
1 0.813793 0.368966 0.034483 0.031034
1 0.849138 0.369828 0.032759 0.036207
1 0.853448 0.744828 0.048276 0.034483
1 0.872414 0.832759 0.037931 0.034483
1 0.888793 0.861207 0.032759 0.043103
1 0.609483 0.812069 0.046552 0.034483
1 0.275000 0.262931 0.032759 0.032759
1 0.268966 0.208621 0.027586 0.034483
1 0.812931 0.075862 0.025862 0.034483
1 0.236207 0.633621 0.037931 0.043103
1 0.218966 0.686207 0.034483 0.034483
1 0.233621 0.730172 0.050000 0.036207
1 0.168103 0.844828 0.032759 0.031034
1 0.245690 0.870690 0.025862 0.034483
1 0.250000 0.787931 0.034483 0.034483
1 0.863793 0.153448 0.031034 0.037931
1 0.956034 0.146552 0.039655 0.041379
1 0.734483 0.220690 0.037931 0.027586
1 0.754310 0.139655 0.032759 0.041379
1 0.691379 0.094828 0.037931 0.041379
1 0.458621 0.058621 0.037931 0.044828
1 0.318103 0.134483 0.039655 0.058621
1 0.168966 0.176724 0.037931 0.025862
1 0.346552 0.231897 0.034483 0.036207