1 0.083621 0.058621 0.039655 0.048276
1 0.176724 0.026724 0.043103 0.046552
1 0.140517 0.029310 0.022414 0.034483
1 0.158621 0.059483 0.024138 0.025862
1 0.299138 0.041379 0.029310 0.024138
1 0.271552 0.011207 0.032759 0.022414
1 0.275862 0.056034 0.031034 0.032759
1 0.543966 0.111207 0.036207 0.036207
1 0.562069 0.065517 0.034483 0.031034
1 0.658621 0.048276 0.034483 0.044828
1 0.922414 0.031034 0.037931 0.048276
1 0.986207 0.094828 0.027586 0.037931
1 0.957759 0.140517 0.032759 0.032759
1 0.904310 0.142241 0.025862 0.032759
1 0.820690 0.131897 0.048276 0.036207
1 0.719828 0.132759 0.036207 0.044828
1 0.660345 0.155172 0.031034 0.031034
1 0.580172 0.146552 0.043103 0.031034
1 0.356034 0.068103 0.039655 0.036207
1 0.349138 0.010345 0.036207 0.020690
1 0.027586 0.087931 0.027586 0.041379
1 0.056034 0.173276 0.039655 0.036207
1 0.107759 0.347414 0.036207 0.043103
1 0.139655 0.355172 0.041379 0.037931
1 0.196552 0.349138 0.044828 0.032759
1 0.197414 0.392241 0.039655 0.039655
1 0.237069 0.425862 0.043103 0.041379
1 0.209483 0.506897 0.036207 0.037931
1 0.094828 0.447414 0.041379 0.036207
1 0.068103 0.356034 0.029310 0.043103
1 0.095690 0.281034 0.018966 0.044828
1 0.027586 0.230172 0.024138 0.036207
1 0.020690 0.193966 0.024138 0.043103
1 0.057759 0.517241 0.043103 0.048276
1 0.129310 0.525000 0.034483 0.039655
1 0.150862 0.468103 0.032759 0.032759
1 0.168103 0.600000 0.032759 0.037931
1 0.104310 0.603448 0.036207 0.034483
1 0.187069 0.655172 0.036207 0.034483
1 0.250000 0.694828 0.034483 0.034483
1 0.239655 0.656897 0.041379 0.034483
1 0.284483 0.526724 0.041379 0.036207
1 0.261207 0.475862 0.032759 0.034483
1 0.297414 0.593103 0.029310 0.031034
1 0.353448 0.564655 0.041379 0.043103
1 0.439655 0.424138 0.037931 0.031034
1 0.404310 0.388793 0.032759 0.032759
1 0.431897 0.394828 0.036207 0.017241
1 0.449138 0.361207 0.036207 0.029310
1 0.506034 0.220690 0.043103 0.048276
1 0.468103 0.250000 0.036207 0.044828
1 0.381034 0.312069 0.034483 0.037931
1 0.338793 0.264655 0.036207 0.032759
1 0.208621 0.134483 0.048276 0.037931
1 0.187931 0.086207 0.048276 0.031034
1 0.824138 0.259483 0.034483 0.025862
1 0.838793 0.248276 0.029310 0.034483
1 0.871552 0.243103 0.022414 0.027586
1 0.843103 0.212069 0.041379 0.027586
1 0.818103 0.195690 0.032759 0.029310
1 0.793103 0.246552 0.024138 0.024138
1 0.776724 0.207759 0.029310 0.029310
1 0.756897 0.162069 0.031034 0.037931
1 0.689655 0.203448 0.034483 0.031034
1 0.668103 0.242241 0.032759 0.032759
1 0.593103 0.220690 0.024138 0.041379
1 0.570690 0.232759 0.027586 0.031034
1 0.584483 0.257759 0.034483 0.036207
1 0.845690 0.335345 0.043103 0.032759
1 0.962931 0.314655 0.036207 0.032759
1 0.905172 0.347414 0.031034 0.036207
1 0.827586 0.356034 0.024138 0.032759
1 0.782759 0.393966 0.041379 0.043103
1 0.750000 0.335345 0.031034 0.029310
1 0.737931 0.364655 0.044828 0.039655
1 0.712069 0.351724 0.044828 0.034483
1 0.608621 0.287931 0.044828 0.044828
1 0.378448 0.165517 0.032759 0.037931
1 0.581034 0.354310 0.037931 0.043103
1 0.661207 0.400862 0.029310 0.036207
1 0.678448 0.448276 0.036207 0.044828
1 0.754310 0.423276 0.036207 0.039655
1 0.922414 0.426724 0.037931 0.036207
1 0.931034 0.380172 0.037931 0.029310
1 0.922414 0.502586 0.027586 0.036207
1 0.856897 0.571552 0.031034 0.046552
1 0.813793 0.565517 0.041379 0.037931
1 0.788793 0.531034 0.032759 0.037931
1 0.817241 0.602586 0.037931 0.039655
1 0.897414 0.712931 0.036207 0.039655
1 0.950862 0.756034 0.032759 0.043103
1 0.856897 0.724138 0.044828 0.041379
1 0.909483 0.843966 0.036207 0.043103
1 0.974138 0.922414 0.034483 0.051724
1 0.843103 0.957759 0.044828 0.039655
1 0.771552 0.841379 0.032759 0.027586
1 0.748276 0.776724 0.031034 0.029310
1 0.763793 0.732759 0.044828 0.044828
1 0.660345 0.812069 0.037931 0.048276
1 0.643103 0.919828 0.034483 0.039655
1 0.568966 0.886207 0.034483 0.041379
1 0.611207 0.741379 0.036207 0.037931
1 0.586207 0.686207 0.041379 0.041379
1 0.580172 0.639655 0.043103 0.034483
1 0.537069 0.576724 0.039655 0.039655
1 0.568103 0.532759 0.032759 0.027586
1 0.481034 0.630172 0.037931 0.029310
1 0.449138 0.685345 0.050000 0.036207
1 0.391379 0.741379 0.044828 0.048276
1 0.278448 0.742241 0.032759 0.032759
1 0.262069 0.763793 0.031034 0.031034
1 0.276724 0.795690 0.039655 0.039655
1 0.368103 0.812931 0.032759 0.039655
1 0.402586 0.868103 0.036207 0.036207
1 0.345690 0.888793 0.029310 0.032759
1 0.315517 0.837069 0.044828 0.046552
1 0.305172 0.921552 0.034483 0.039655
1 0.343966 0.948276 0.043103 0.048276
1 0.476724 0.891379 0.046552 0.044828
1 0.500000 0.938793 0.031034 0.032759
1 0.525000 0.960345 0.039655 0.037931
1 0.530172 0.939655 0.032759 0.031034
1 0.255172 0.937931 0.041379 0.044828
1 0.199138 0.899138 0.036207 0.039655
1 0.129310 0.950000 0.041379 0.024138
1 0.148276 0.911207 0.034483 0.032759
1 0.128448 0.881034 0.043103 0.031034
1 0.168966 0.855172 0.034483 0.027586
1 0.208621 0.818966 0.037931 0.037931
1 0.151724 0.827586 0.044828 0.041379
1 0.111207 0.805172 0.032759 0.034483
1 0.158621 0.781034 0.044828 0.034483
1 0.131897 0.716379 0.032759 0.039655
1 0.106897 0.712069 0.037931 0.041379
1 0.038793 0.781897 0.036207 0.036207
1 0.679310 0.539655 0.037931 0.044828
1 0.409483 0.445690 0.032759 0.036207
1 0.408621 0.551724 0.034483 0.048276
1 0.364655 0.671552 0.046552 0.050000
1 0.352586 0.515517 0.032759 0.037931
1 0.052586 0.443966 0.032759 0.043103
1 0.011207 0.752586 0.022414 0.050000
1 0.806897 0.683621 0.044828 0.029310
1 0.629310 0.502586 0.034483 0.032759