1 0.708621 0.168966 0.041379 0.041379
1 0.646552 0.181034 0.058621 0.031034
1 0.563793 0.210345 0.044828 0.027586
1 0.526724 0.132759 0.036207 0.037931
1 0.572414 0.140517 0.037931 0.018966
1 0.525862 0.238793 0.020690 0.032759
1 0.488793 0.208621 0.036207 0.037931
1 0.472414 0.201724 0.034483 0.034483
1 0.464655 0.312069 0.022414 0.024138
1 0.335345 0.173276 0.050000 0.036207
1 0.319828 0.131034 0.053448 0.027586
1 0.256034 0.074138 0.046552 0.034483
1 0.238793 0.205172 0.039655 0.031034
1 0.075862 0.161207 0.051724 0.046552
1 0.357759 0.360345 0.077586 0.034483
1 0.273276 0.422414 0.046552 0.048276
1 0.277586 0.368966 0.034483 0.041379
1 0.224138 0.387069 0.031034 0.036207
1 0.147414 0.513793 0.029310 0.041379
1 0.208621 0.562931 0.037931 0.046552
1 0.453448 0.563793 0.031034 0.041379
1 0.794828 0.136207 0.034483 0.041379
1 0.880172 0.158621 0.029310 0.041379
1 0.062931 0.316379 0.043103 0.046552
1 0.064655 0.060345 0.043103 0.031034
1 0.206034 0.060345 0.046552 0.031034
1 0.600862 0.053448 0.050000 0.031034
1 0.187069 0.431034 0.029310 0.037931
1 0.350000 0.237931 0.048276 0.037931
1 0.697414 0.311207 0.029310 0.043103
1 0.654310 0.301724 0.036207 0.031034
1 0.624138 0.268966 0.031034 0.027586
1 0.736207 0.270690 0.034483 0.034483
1 0.793103 0.248276 0.041379 0.037931
1 0.687069 0.037069 0.060345 0.039655
1 0.401724 0.462069 0.031034 0.034483
1 0.322414 0.687931 0.020690 0.037931
1 0.261207 0.618103 0.032759 0.029310
1 0.170690 0.877586 0.058621 0.044828
1 0.880172 0.393966 0.025862 0.032759
1 0.815517 0.339655 0.031034 0.024138