1 0.306897 0.131897 0.051724 0.050000
1 0.250000 0.158621 0.048276 0.048276
1 0.401724 0.276724 0.037931 0.084483
1 0.469828 0.298276 0.029310 0.034483
1 0.517241 0.292241 0.024138 0.032759
1 0.532759 0.244828 0.062069 0.048276
1 0.662069 0.170690 0.079310 0.055172
1 0.812069 0.243103 0.065517 0.051724
1 0.878448 0.312931 0.032759 0.043103
1 0.925862 0.381034 0.037931 0.041379
1 0.841379 0.446552 0.034483 0.048276
1 0.861207 0.502586 0.039655 0.046552
1 0.933621 0.620690 0.053448 0.058621
1 0.969828 0.701724 0.050000 0.075862
1 0.905172 0.729310 0.031034 0.044828
1 0.943103 0.820690 0.041379 0.058621
1 0.881897 0.802586 0.032759 0.046552
1 0.831034 0.871552 0.041379 0.039655
1 0.796552 0.858621 0.048276 0.031034
1 0.707759 0.848276 0.070690 0.051724
1 0.663793 0.769828 0.065517 0.029310
1 0.645690 0.732759 0.039655 0.044828
1 0.698276 0.694828 0.048276 0.058621
1 0.753448 0.665517 0.027586 0.037931
1 0.735345 0.643103 0.036207 0.048276
1 0.777586 0.567241 0.034483 0.044828
1 0.811207 0.562931 0.039655 0.053448
1 0.751724 0.493966 0.027586 0.050000
1 0.734483 0.530172 0.037931 0.050000
1 0.687931 0.469828 0.044828 0.029310
1 0.553448 0.541379 0.034483 0.024138
1 0.436207 0.544828 0.065517 0.044828
1 0.325000 0.588793 0.070690 0.060345
1 0.306034 0.639655 0.053448 0.034483
1 0.202586 0.579310 0.063793 0.041379
1 0.321552 0.494828 0.046552 0.041379
1 0.343966 0.448276 0.039655 0.055172
1 0.235345 0.416379 0.060345 0.060345
1 0.455172 0.032759 0.037931 0.065517
1 0.411207 0.354310 0.046552 0.060345
1 0.456897 0.404310 0.034483 0.036207
1 0.487931 0.412931 0.024138 0.039655
1 0.319828 0.703448 0.053448 0.072414
1 0.377586 0.757759 0.055172 0.060345
1 0.471552 0.730172 0.067241 0.063793
1 0.558621 0.737069 0.079310 0.050000
1 0.613793 0.680172 0.048276 0.063793
1 0.551724 0.847414 0.044828 0.046552
1 0.462069 0.920690 0.048276 0.037931
1 0.394828 0.862931 0.044828 0.077586
1 0.445690 0.844828 0.043103 0.055172
1 0.701724 0.368966 0.037931 0.058621
1 0.746552 0.409483 0.055172 0.063793
1 0.948276 0.022414 0.062069 0.044828
1 0.844828 0.025862 0.075862 0.051724
1 0.853448 0.137931 0.034483 0.051724
1 0.052586 0.255172 0.063793 0.106897
1 0.103448 0.226724 0.055172 0.039655
1 0.162931 0.275862 0.067241 0.065517
1 0.567241 0.596552 0.034483 0.037931
1 0.627586 0.601724 0.048276 0.034483