1 0.764655 0.269828 0.032759 0.039655
1 0.906034 0.250862 0.032759 0.032759
1 0.890517 0.351724 0.029310 0.027586
1 0.845690 0.385345 0.046552 0.039655
1 0.763793 0.370690 0.031034 0.034483
1 0.686207 0.512069 0.034483 0.034483
1 0.541379 0.545690 0.048276 0.046552
1 0.503448 0.553448 0.034483 0.041379
1 0.286207 0.500000 0.034483 0.048276
1 0.232759 0.543103 0.027586 0.027586
1 0.212069 0.517241 0.031034 0.037931
1 0.172414 0.459483 0.041379 0.025862
1 0.169828 0.581897 0.029310 0.029310
1 0.208621 0.675862 0.027586 0.037931
1 0.282759 0.793966 0.041379 0.043103
1 0.214655 0.762931 0.032759 0.039655
1 0.166379 0.769828 0.053448 0.050000
1 0.258621 0.900000 0.048276 0.051724
1 0.162069 0.856034 0.034483 0.043103
1 0.038793 0.718966 0.036207 0.041379
1 0.115517 0.720690 0.031034 0.034483
1 0.273276 0.577586 0.036207 0.041379
1 0.409483 0.550000 0.036207 0.044828
1 0.596552 0.387069 0.034483 0.043103
1 0.597414 0.306034 0.043103 0.036207
1 0.848276 0.182759 0.041379 0.020690
1 0.808621 0.298276 0.034483 0.034483
1 0.950000 0.300000 0.044828 0.031034
1 0.962931 0.412931 0.029310 0.050000
1 0.912069 0.680172 0.027586 0.032759
1 0.847414 0.561207 0.053448 0.036207