1 0.120690 0.197414 0.048276 0.046552
1 0.155172 0.170690 0.044828 0.044828
1 0.200862 0.123276 0.025862 0.029310
1 0.263793 0.040517 0.024138 0.029310
1 0.204310 0.045690 0.036207 0.036207
1 0.141379 0.058621 0.037931 0.034483
1 0.056897 0.033621 0.044828 0.029310
1 0.037931 0.011207 0.044828 0.022414
1 0.448276 0.008621 0.020690 0.017241
1 0.396552 0.043103 0.024138 0.027586
1 0.362069 0.093966 0.020690 0.036207
1 0.331897 0.094828 0.025862 0.044828
1 0.262931 0.061207 0.029310 0.039655
1 0.275862 0.112069 0.041379 0.017241
1 0.281034 0.132759 0.034483 0.020690
1 0.267241 0.181034 0.031034 0.027586
1 0.290517 0.215517 0.012069 0.041379
1 0.215517 0.193966 0.020690 0.032759
1 0.201724 0.237931 0.031034 0.034483
1 0.150862 0.124138 0.029310 0.024138
1 0.105172 0.141379 0.020690 0.027586
1 0.018966 0.240517 0.031034 0.025862
1 0.035345 0.350000 0.029310 0.031034
1 0.060345 0.347414 0.034483 0.032759
1 0.076724 0.393103 0.043103 0.034483
1 0.103448 0.358621 0.044828 0.034483
1 0.208621 0.420690 0.037931 0.027586
1 0.196552 0.487069 0.031034 0.032759
1 0.128448 0.543103 0.022414 0.034483
1 0.053448 0.558621 0.055172 0.051724
1 0.057759 0.647414 0.032759 0.036207
1 0.039655 0.671552 0.034483 0.043103
1 0.157759 0.597414 0.039655 0.036207
1 0.037069 0.782759 0.036207 0.037931
1 0.150000 0.745690 0.024138 0.032759
1 0.072414 0.860345 0.037931 0.037931
1 0.044828 0.946552 0.034483 0.031034
1 0.018966 0.979310 0.037931 0.027586
1 0.168103 0.950862 0.043103 0.039655
1 0.226724 0.811207 0.043103 0.050000
1 0.231034 0.750000 0.027586 0.027586
1 0.236207 0.650862 0.013793 0.043103
1 0.215517 0.639655 0.024138 0.055172
1 0.255172 0.493966 0.044828 0.050000
1 0.285345 0.499138 0.029310 0.053448
1 0.233621 0.360345 0.029310 0.044828
1 0.282759 0.325862 0.027586 0.031034
1 0.296552 0.343103 0.027586 0.031034
1 0.312069 0.284483 0.034483 0.027586
1 0.339655 0.291379 0.027586 0.041379
1 0.343966 0.214655 0.032759 0.046552
1 0.382759 0.185345 0.034483 0.032759
1 0.375000 0.144828 0.032759 0.034483
1 0.434483 0.166379 0.034483 0.039655
1 0.431897 0.206897 0.025862 0.034483
1 0.401724 0.280172 0.041379 0.029310
1 0.437069 0.281034 0.043103 0.041379
1 0.462069 0.298276 0.034483 0.031034
1 0.438793 0.303448 0.039655 0.034483
1 0.443103 0.363793 0.031034 0.024138
1 0.432759 0.334483 0.041379 0.027586
1 0.387069 0.364655 0.029310 0.032759
1 0.406034 0.386207 0.032759 0.037931
1 0.402586 0.448276 0.043103 0.031034
1 0.346552 0.495690 0.031034 0.043103
1 0.376724 0.493966 0.025862 0.043103
1 0.399138 0.577586 0.032759 0.044828
1 0.319828 0.389655 0.029310 0.034483
1 0.348276 0.591379 0.031034 0.027586
1 0.298276 0.654310 0.034483 0.036207
1 0.261207 0.752586 0.029310 0.036207
1 0.277586 0.825000 0.031034 0.039655
1 0.307759 0.799138 0.043103 0.032759
1 0.330172 0.872414 0.036207 0.031034
1 0.250000 0.952586 0.041379 0.039655
1 0.364655 0.675000 0.032759 0.039655
1 0.381034 0.710345 0.048276 0.037931
1 0.405172 0.795690 0.027586 0.036207
1 0.442241 0.799138 0.039655 0.036207
1 0.451724 0.933621 0.031034 0.032759
1 0.436207 0.969828 0.037931 0.039655
1 0.484483 0.493966 0.044828 0.032759
1 0.508621 0.267241 0.044828 0.048276
1 0.459483 0.216379 0.029310 0.032759
1 0.408621 0.116379 0.027586 0.039655
1 0.522414 0.161207 0.034483 0.029310
1 0.520690 0.184483 0.031034 0.031034
1 0.494828 0.356897 0.027586 0.027586
1 0.530172 0.477586 0.022414 0.034483
1 0.507759 0.614655 0.036207 0.036207
1 0.494828 0.707759 0.034483 0.050000
1 0.554310 0.822414 0.029310 0.048276
1 0.536207 0.900000 0.034483 0.031034
1 0.547414 0.925862 0.029310 0.044828
1 0.568103 0.979310 0.043103 0.041379
1 0.629310 0.985345 0.044828 0.029310
1 0.626724 0.834483 0.032759 0.051724
1 0.660345 0.944828 0.041379 0.051724
1 0.694828 0.928448 0.027586 0.053448
1 0.696552 0.851724 0.031034 0.031034
1 0.690517 0.820690 0.043103 0.037931
1 0.677586 0.797414 0.037931 0.039655
1 0.625000 0.762931 0.036207 0.039655
1 0.675000 0.740517 0.032759 0.029310
1 0.574138 0.676724 0.037931 0.036207
1 0.589655 0.648276 0.034483 0.044828
1 0.575862 0.454310 0.024138 0.025862
1 0.556897 0.437931 0.027586 0.027586
1 0.556034 0.415517 0.032759 0.031034
1 0.543103 0.394828 0.031034 0.027586
1 0.575862 0.387069 0.031034 0.029310
1 0.579310 0.169828 0.020690 0.029310
1 0.592241 0.142241 0.032759 0.025862
1 0.580172 0.094828 0.032759 0.031034
1 0.586207 0.052586 0.034483 0.032759
1 0.543103 0.035345 0.031034 0.036207
1 0.630172 0.060345 0.036207 0.024138
1 0.634483 0.076724 0.037931 0.029310
1 0.666379 0.071552 0.025862 0.029310
1 0.687069 0.158621 0.032759 0.034483
1 0.668103 0.208621 0.039655 0.048276
1 0.683621 0.223276 0.053448 0.043103
1 0.725000 0.255172 0.029310 0.041379
1 0.700862 0.278448 0.032759 0.039655
1 0.746552 0.318103 0.031034 0.043103
1 0.630172 0.237069 0.032759 0.043103
1 0.612931 0.410345 0.025862 0.034483
1 0.618966 0.439655 0.024138 0.027586
1 0.597414 0.497414 0.036207 0.025862
1 0.640517 0.459483 0.039655 0.036207
1 0.669828 0.470690 0.025862 0.027586
1 0.665517 0.685345 0.031034 0.029310
1 0.702586 0.525000 0.029310 0.032759
1 0.743103 0.556034 0.027586 0.036207
1 0.762069 0.603448 0.034483 0.044828
1 0.746552 0.659483 0.034483 0.029310
1 0.706897 0.745690 0.041379 0.039655
1 0.726724 0.827586 0.018966 0.034483
1 0.745690 0.833621 0.025862 0.029310
1 0.764655 0.820690 0.036207 0.027586
1 0.767241 0.791379 0.034483 0.037931
1 0.768966 0.857759 0.037931 0.032759
1 0.797414 0.889655 0.036207 0.034483
1 0.723276 0.931034 0.036207 0.041379
1 0.835345 0.925000 0.025862 0.032759
1 0.862069 0.962931 0.031034 0.025862
1 0.843966 0.984483 0.032759 0.031034
1 0.880172 0.883621 0.043103 0.029310
1 0.825862 0.771552 0.041379 0.032759
1 0.857759 0.741379 0.032759 0.051724
1 0.775000 0.736207 0.036207 0.027586
1 0.804310 0.700000 0.032759 0.055172
1 0.827586 0.609483 0.031034 0.039655
1 0.850000 0.593103 0.027586 0.048276
1 0.837931 0.509483 0.027586 0.043103
1 0.832759 0.331034 0.031034 0.037931
1 0.752586 0.136207 0.036207 0.034483
1 0.759483 0.100862 0.032759 0.032759
1 0.738793 0.083621 0.036207 0.032759
1 0.749138 0.056034 0.046552 0.046552
1 0.801724 0.156034 0.034483 0.039655
1 0.849138 0.158621 0.029310 0.037931
1 0.868966 0.080172 0.031034 0.032759
1 0.908621 0.063793 0.024138 0.037931
1 0.912931 0.025000 0.050000 0.039655
1 0.867241 0.018103 0.041379 0.036206
1 0.975862 0.081034 0.031034 0.044828
1 0.887069 0.187931 0.036207 0.034483
1 0.923276 0.245690 0.039655 0.036207
1 0.950000 0.346552 0.027586 0.041379
1 0.902586 0.284483 0.036207 0.034483
1 0.928448 0.374138 0.025862 0.031034
1 0.881034 0.343103 0.020690 0.037931
1 0.893103 0.376724 0.031034 0.046552
1 0.882759 0.418103 0.037931 0.025862
1 0.921552 0.487069 0.022414 0.029310
1 0.971552 0.574138 0.036207 0.037931
1 0.959483 0.677586 0.029310 0.034483
1 0.929310 0.794828 0.024138 0.034483
1 0.968103 0.888793 0.018966 0.036207
1 0.939655 0.448276 0.031034 0.031034
1 0.983621 0.279310 0.025862 0.037931