1 0.129310 0.058621 0.031034 0.041379
1 0.093966 0.021552 0.032759 0.043103
1 0.276724 0.071552 0.039655 0.046552
1 0.265517 0.113793 0.048276 0.027586
1 0.267241 0.143103 0.041379 0.031034
1 0.324138 0.137931 0.041379 0.034483
1 0.356897 0.086207 0.037931 0.041379
1 0.423276 0.080172 0.036207 0.050000
1 0.520690 0.024138 0.044828 0.037931
1 0.691379 0.024138 0.048276 0.041379
1 0.713793 0.090517 0.041379 0.046552
1 0.790517 0.082759 0.043103 0.051724
1 0.907759 0.106897 0.043103 0.044828
1 0.975862 0.032759 0.037931 0.037931
1 0.975000 0.188793 0.043103 0.050000
1 0.868103 0.266379 0.039655 0.039655
1 0.808621 0.206897 0.048276 0.041379
1 0.790517 0.151724 0.053448 0.037931
1 0.772414 0.127586 0.037931 0.037931
1 0.725862 0.177586 0.034483 0.041379
1 0.772414 0.220690 0.027586 0.037931
1 0.844828 0.296552 0.041379 0.041379
1 0.769828 0.196552 0.060345 0.051724
1 0.705172 0.346552 0.027586 0.034483
1 0.909483 0.360345 0.043103 0.051724
1 0.920690 0.404310 0.048276 0.039655
1 0.963793 0.433621 0.044828 0.036207
1 0.905172 0.506034 0.041379 0.036207
1 0.844828 0.431897 0.037931 0.036207
1 0.766379 0.434483 0.043103 0.037931
1 0.757759 0.410345 0.032759 0.034483
1 0.791379 0.373276 0.041379 0.039655
1 0.776724 0.355172 0.043103 0.034483
1 0.708621 0.252586 0.044828 0.043103
1 0.685345 0.191379 0.046552 0.055172
1 0.687069 0.120690 0.036207 0.031034
1 0.584483 0.100000 0.037931 0.034483
1 0.536207 0.097414 0.037931 0.043103
1 0.487069 0.100000 0.029310 0.041379
1 0.468966 0.128448 0.027586 0.046552
1 0.498276 0.151724 0.027586 0.034483
1 0.421552 0.128448 0.039655 0.036207
1 0.444828 0.247414 0.044828 0.046552
1 0.501724 0.259483 0.037931 0.043103
1 0.550000 0.204310 0.037931 0.043103
1 0.627586 0.248276 0.041379 0.027586
1 0.454310 0.192241 0.036207 0.032759
1 0.385345 0.207759 0.039655 0.050000
1 0.211207 0.193966 0.039655 0.036207
1 0.228448 0.224138 0.036207 0.037931
1 0.175000 0.193103 0.046552 0.037931
1 0.114655 0.157759 0.039655 0.039655
1 0.084483 0.147414 0.037931 0.039655
1 0.088793 0.123276 0.036207 0.025862
1 0.087931 0.095690 0.031034 0.036207
1 0.113793 0.093103 0.037931 0.037931
1 0.012931 0.103448 0.025862 0.034483
1 0.009483 0.064655 0.018966 0.036207
1 0.168103 0.241379 0.029310 0.041379
1 0.133621 0.262069 0.039655 0.051724
1 0.331034 0.299138 0.034483 0.039655
1 0.160345 0.330172 0.048276 0.039655
1 0.226724 0.266379 0.032759 0.043103
1 0.555172 0.286207 0.044828 0.048276
1 0.500000 0.312931 0.034483 0.036207
1 0.537931 0.356897 0.037931 0.034483
1 0.588793 0.375862 0.032759 0.041379
1 0.675000 0.323276 0.036207 0.039655
1 0.670690 0.270690 0.044828 0.031034
1 0.725862 0.383621 0.044828 0.043103
1 0.712069 0.425862 0.051724 0.034483
1 0.540517 0.310345 0.067241 0.031034
1 0.437931 0.368966 0.048276 0.051724
1 0.378448 0.289655 0.039655 0.048276
1 0.466379 0.476724 0.036207 0.032759
1 0.456034 0.446552 0.039655 0.044828
1 0.400000 0.433621 0.031034 0.039655
1 0.394828 0.500862 0.055172 0.046552
1 0.559483 0.484483 0.039655 0.048276
1 0.618966 0.493966 0.048276 0.043103
1 0.780172 0.537931 0.029310 0.048276
1 0.800862 0.529310 0.036207 0.048276
1 0.813793 0.575000 0.031034 0.036207
1 0.845690 0.551724 0.036207 0.041379
1 0.853448 0.575000 0.024138 0.036207
1 0.834483 0.497414 0.041379 0.036207
1 0.915517 0.611207 0.041379 0.050000
1 0.927586 0.685345 0.037931 0.039655
1 0.934483 0.745690 0.037931 0.025862
1 0.932759 0.769828 0.044828 0.043103
1 0.893103 0.764655 0.037931 0.036207
1 0.892241 0.735345 0.043103 0.025862
1 0.822414 0.693103 0.037931 0.041379
1 0.791379 0.610345 0.037931 0.037931
1 0.668966 0.700000 0.031034 0.048276
1 0.797414 0.666379 0.032759 0.032759
1 0.708621 0.708621 0.048276 0.055172
1 0.843103 0.811207 0.044828 0.039655
1 0.748276 0.868966 0.055172 0.041379
1 0.770690 0.920690 0.044828 0.037931
1 0.940517 0.956897 0.043103 0.048276
1 0.891379 0.931897 0.044828 0.053448
1 0.703448 0.977586 0.058621 0.044828
1 0.577586 0.953448 0.048276 0.044828
1 0.629310 0.809483 0.044828 0.050000
1 0.585345 0.768966 0.039655 0.048276
1 0.575000 0.718103 0.029310 0.043103
1 0.553448 0.718966 0.034483 0.041379
1 0.517241 0.654310 0.041379 0.050000
1 0.467241 0.641379 0.024138 0.031034
1 0.439655 0.613793 0.031034 0.041379
1 0.450862 0.668966 0.039655 0.041379
1 0.428448 0.704310 0.036207 0.050000
1 0.370690 0.703448 0.034483 0.037931
1 0.370690 0.662069 0.034483 0.037931
1 0.341379 0.656034 0.041379 0.036207
1 0.349138 0.614655 0.039655 0.025862
1 0.335345 0.590517 0.039655 0.036207
1 0.318103 0.575000 0.029310 0.046552
1 0.337069 0.520690 0.025862 0.034483
1 0.388793 0.570690 0.032759 0.037931
1 0.293103 0.391379 0.044828 0.034483
1 0.263793 0.518103 0.041379 0.036207
1 0.202586 0.436207 0.043103 0.048276
1 0.245690 0.442241 0.032759 0.043103
1 0.187069 0.550000 0.025862 0.041379
1 0.163793 0.543103 0.037931 0.034483
1 0.108621 0.487069 0.041379 0.043103
1 0.118103 0.451724 0.032759 0.041379
1 0.137069 0.404310 0.032759 0.032759
1 0.112931 0.385345 0.025862 0.029310
1 0.055172 0.342241 0.027586 0.043103
1 0.039655 0.365517 0.037931 0.037931
1 0.018966 0.353448 0.027586 0.024138
1 0.016379 0.325862 0.029310 0.048276
1 0.012931 0.431034 0.025862 0.037931
1 0.037069 0.444828 0.050000 0.034483
1 0.047414 0.487931 0.036207 0.041379
1 0.018966 0.522414 0.031034 0.034483
1 0.023276 0.548276 0.032759 0.037931
1 0.159483 0.654310 0.043103 0.029310
1 0.135345 0.703448 0.029310 0.037931
1 0.180172 0.749138 0.039655 0.036207
1 0.142241 0.811207 0.039655 0.039655
1 0.064655 0.845690 0.032759 0.036207
1 0.046552 0.751724 0.031034 0.041379
1 0.042241 0.898276 0.039655 0.041379
1 0.008621 0.946552 0.017241 0.034483
1 0.072414 0.941379 0.037931 0.034483
1 0.148276 0.930172 0.041379 0.032759
1 0.241379 0.933621 0.041379 0.036207
1 0.312931 0.825000 0.039655 0.039655
1 0.293966 0.753448 0.036207 0.037931
1 0.318966 0.722414 0.037931 0.037931
1 0.387931 0.800000 0.044828 0.037931
1 0.413793 0.781034 0.027586 0.041379
1 0.465517 0.775000 0.034483 0.043103
1 0.466379 0.860345 0.029310 0.041379
1 0.498276 0.892241 0.041379 0.050000
1 0.543103 0.887931 0.044828 0.044828
1 0.431034 0.938793 0.041379 0.036207
1 0.448276 0.915517 0.044828 0.031034
1 0.345690 0.962069 0.046552 0.051724