1 0.571552 0.269828 0.018966 0.043103
1 0.653448 0.262931 0.031034 0.029310
1 0.818966 0.357759 0.037931 0.029310
1 0.856034 0.306897 0.050000 0.027586
1 0.855172 0.160345 0.058621 0.024138
1 0.892241 0.066379 0.036207 0.053448
1 0.600862 0.171552 0.025862 0.029310
1 0.564655 0.131034 0.025862 0.037931
1 0.409483 0.268966 0.032759 0.037931
1 0.411207 0.199138 0.029310 0.029310
1 0.285345 0.202586 0.018966 0.025862
1 0.249138 0.189655 0.029310 0.027586
1 0.122414 0.235345 0.024138 0.032759
1 0.135345 0.130172 0.025862 0.046552
1 0.113793 0.413793 0.044828 0.051724
1 0.250862 0.563793 0.029310 0.037931
1 0.261207 0.661207 0.032759 0.032759
1 0.265517 0.710345 0.031034 0.034483
1 0.558621 0.570690 0.031034 0.034483
1 0.641379 0.543966 0.051724 0.025862
1 0.800000 0.468966 0.037931 0.031034
1 0.906897 0.656897 0.037931 0.048276
1 0.937069 0.649138 0.029310 0.032759
1 0.891379 0.687069 0.024138 0.036207
1 0.935345 0.743966 0.029310 0.046552
1 0.859483 0.809483 0.018966 0.032759
1 0.808621 0.784483 0.017241 0.017241
1 0.805172 0.712069 0.037931 0.027586
1 0.785345 0.818103 0.025862 0.036207
1 0.742241 0.858621 0.043103 0.020690
1 0.716379 0.825862 0.015517 0.031034
1 0.699138 0.781034 0.025862 0.020690
1 0.672414 0.838793 0.027586 0.025862