1 0.100862 0.380172 0.039655 0.032759
1 0.154310 0.370690 0.039655 0.031034
1 0.245690 0.392241 0.025862 0.032759
1 0.466379 0.318966 0.022414 0.031034
1 0.356034 0.315517 0.036207 0.034483
1 0.400862 0.256897 0.032759 0.041379
1 0.742241 0.274138 0.036207 0.037931
1 0.829310 0.226724 0.037931 0.025862
1 0.934483 0.209483 0.034483 0.029310
1 0.888793 0.560345 0.032759 0.024138
1 0.856034 0.684483 0.039655 0.037931
1 0.893103 0.759483 0.020690 0.032759
1 0.848276 0.765517 0.024138 0.034483
1 0.818103 0.802586 0.036207 0.039655
1 0.743103 0.748276 0.037931 0.037931
1 0.706897 0.873276 0.037931 0.046552
1 0.467241 0.812931 0.031034 0.025862
1 0.404310 0.699138 0.029310 0.029310
1 0.472414 0.596552 0.020690 0.027586
1 0.521552 0.561207 0.032759 0.036207
1 0.531897 0.522414 0.053448 0.041379
1 0.580172 0.495690 0.029310 0.039655
1 0.612069 0.404310 0.034483 0.032759
1 0.614655 0.226724 0.029310 0.032759
1 0.753448 0.128448 0.034483 0.022414
1 0.931034 0.076724 0.027586 0.039655
1 0.226724 0.659483 0.032759 0.025862
1 0.124138 0.562931 0.034483 0.039655
1 0.328448 0.477586 0.036207 0.031034
1 0.411207 0.372414 0.036207 0.034483
1 0.278448 0.039655 0.039655 0.037931
1 0.731897 0.346552 0.032759 0.044828
1 0.895690 0.384483 0.036207 0.027586
1 0.957759 0.461207 0.036207 0.039655
1 0.615517 0.825862 0.044828 0.037931
1 0.632759 0.738793 0.034483 0.022414
1 0.532759 0.645690 0.031034 0.025862
1 0.324138 0.545690 0.037931 0.029310