1 0.095690 0.341379 0.046552 0.048276
1 0.048276 0.486207 0.041379 0.034483
1 0.077586 0.528448 0.037931 0.039655
1 0.061207 0.563793 0.039655 0.041379
1 0.217241 0.528448 0.027586 0.039655
1 0.183621 0.525000 0.036207 0.046552
1 0.273276 0.455172 0.036207 0.041379
1 0.336207 0.255172 0.034483 0.031034
1 0.323276 0.229310 0.032759 0.037931
1 0.267241 0.265517 0.034483 0.041379
1 0.197414 0.181034 0.043103 0.044828
1 0.212069 0.063793 0.041379 0.034483
1 0.652586 0.082759 0.036207 0.041379
1 0.727586 0.048276 0.044828 0.044828
1 0.861207 0.093966 0.039655 0.050000
1 0.875862 0.168103 0.041379 0.050000
1 0.737931 0.167241 0.051724 0.044828
1 0.589655 0.293103 0.068966 0.041379
1 0.618966 0.356034 0.051724 0.043103
1 0.841379 0.210345 0.034483 0.041379
1 0.919828 0.437931 0.043103 0.037931
1 0.731897 0.496552 0.056897 0.037931
1 0.646552 0.477586 0.048276 0.037931
1 0.525862 0.468966 0.048276 0.048276
1 0.488793 0.577586 0.036207 0.031034
1 0.426724 0.607759 0.039655 0.039655
1 0.213793 0.646552 0.034483 0.044828
1 0.246552 0.705172 0.037931 0.058621
1 0.284483 0.722414 0.037931 0.051724
1 0.064655 0.810345 0.043103 0.044828
1 0.089655 0.884483 0.034483 0.048276
1 0.105172 0.933621 0.041379 0.039655
1 0.048276 0.925862 0.034483 0.044828
1 0.564655 0.862069 0.032759 0.034483
1 0.526724 0.883621 0.039655 0.043103
1 0.651724 0.683621 0.037931 0.046552
1 0.590517 0.652586 0.036207 0.050000
1 0.812931 0.833621 0.036207 0.043103
1 0.930172 0.697414 0.036207 0.036207
1 0.932759 0.776724 0.031034 0.043103
1 0.779310 0.327586 0.041379 0.048276
1 0.935345 0.346552 0.032759 0.044828
1 0.515517 0.171552 0.037931 0.032759
1 0.481897 0.150862 0.036207 0.032759
1 0.308621 0.115517 0.034483 0.031034
1 0.317241 0.093966 0.037931 0.025862
1 0.307759 0.040517 0.039655 0.036207
1 0.207759 0.120690 0.043103 0.031034
1 0.172414 0.098276 0.037931 0.048276
1 0.488793 0.781897 0.043103 0.043103
1 0.571552 0.771552 0.029310 0.043103
1 0.171552 0.883621 0.036207 0.050000
1 0.198276 0.901724 0.048276 0.044828