1 0.746552 0.279310 0.044828 0.041379
1 0.862931 0.143103 0.046552 0.044828
1 0.904310 0.238793 0.032759 0.029310
1 0.959483 0.210345 0.032759 0.027586
1 0.981034 0.324138 0.031034 0.034483
1 0.701724 0.449138 0.034483 0.036207
1 0.756897 0.468966 0.037931 0.037931
1 0.771552 0.506034 0.043103 0.043103
1 0.782759 0.541379 0.034483 0.020690
1 0.812931 0.518966 0.039655 0.024138
1 0.828448 0.590517 0.036207 0.036207
1 0.859483 0.594828 0.043103 0.041379
1 0.557759 0.572414 0.036207 0.037931
1 0.586207 0.546552 0.031034 0.031034
1 0.614655 0.541379 0.018966 0.031034
1 0.503448 0.406897 0.048276 0.027586
1 0.532759 0.396552 0.031034 0.031034
1 0.553448 0.359483 0.027586 0.022414
1 0.525862 0.345690 0.041379 0.029310
1 0.484483 0.349138 0.034483 0.029310
1 0.343966 0.315517 0.050000 0.044828
1 0.277586 0.243103 0.027586 0.027586
1 0.310345 0.218966 0.031034 0.034483
1 0.343966 0.159483 0.025862 0.022414
1 0.356897 0.189655 0.037931 0.024138
1 0.487931 0.098276 0.048276 0.037931
1 0.287931 0.706034 0.048276 0.039655
1 0.613793 0.686207 0.027586 0.034483
1 0.679310 0.793103 0.024138 0.037931
1 0.713793 0.812069 0.048276 0.027586
1 0.932759 0.812069 0.051724 0.041379
1 0.360345 0.742241 0.058621 0.025862