1 0.274138 0.125862 0.051724 0.044828
1 0.599138 0.205172 0.067241 0.044828
1 0.887931 0.183621 0.031034 0.032759
1 0.952586 0.149138 0.036207 0.025862
1 0.901724 0.236207 0.058621 0.041379
1 0.868103 0.262931 0.043103 0.039655
1 0.789655 0.303448 0.037931 0.034483
1 0.726724 0.306034 0.032759 0.036207
1 0.572414 0.343966 0.048276 0.039655
1 0.371552 0.337931 0.032759 0.034483
1 0.329310 0.355172 0.055172 0.048276
1 0.376724 0.389655 0.036207 0.044828
1 0.511207 0.264655 0.032759 0.032759
1 0.551724 0.093966 0.041379 0.043103
1 0.357759 0.150862 0.060345 0.022414
1 0.376724 0.197414 0.039655 0.056897
1 0.407759 0.120690 0.046552 0.055172
1 0.438793 0.181897 0.036207 0.043103
1 0.475000 0.550862 0.043103 0.039655
1 0.482759 0.656034 0.034483 0.032759
1 0.435345 0.670690 0.050000 0.048276
1 0.392241 0.629310 0.036207 0.041379
1 0.317241 0.583621 0.024138 0.025862
1 0.303448 0.519828 0.041379 0.043103
1 0.191379 0.580172 0.044828 0.025862
1 0.240517 0.506034 0.025862 0.043103
1 0.287069 0.454310 0.036207 0.043103
1 0.369828 0.431034 0.029310 0.027586
1 0.439655 0.410345 0.041379 0.034483
1 0.470690 0.409483 0.027586 0.039655
1 0.556897 0.403448 0.034483 0.027586
1 0.629310 0.394828 0.048276 0.034483
1 0.678448 0.408621 0.036207 0.027586
1 0.850862 0.402586 0.043103 0.032759
1 0.862069 0.312931 0.020690 0.018966
1 0.776724 0.178448 0.039655 0.025862
1 0.742241 0.206897 0.025862 0.027586
1 0.983621 0.100000 0.032758 0.034483
1 0.941379 0.277586 0.031034 0.037931
1 0.962931 0.393103 0.039655 0.034483
1 0.902586 0.471552 0.039655 0.032759
1 0.878448 0.500862 0.032759 0.043103
1 0.832759 0.510345 0.041379 0.051724
1 0.737931 0.601724 0.044828 0.027586
1 0.195690 0.261207 0.039655 0.039655
1 0.225000 0.332759 0.029310 0.058621
1 0.818966 0.862931 0.034483 0.060345
1 0.918966 0.888793 0.027586 0.032759
1 0.899138 0.943966 0.025862 0.032759
1 0.836207 0.923276 0.024138 0.032759