1 0.633621 0.213793 0.039655 0.044828
1 0.733621 0.421552 0.043103 0.050000
1 0.756897 0.357759 0.034483 0.050000
1 0.895690 0.263793 0.043103 0.055172
1 0.931897 0.177586 0.056897 0.051724
1 0.893103 0.113793 0.051724 0.034483
1 0.503448 0.418966 0.055172 0.044828
1 0.391379 0.383621 0.062069 0.043103
1 0.250000 0.338793 0.051724 0.043103
1 0.230172 0.246552 0.025862 0.048276
1 0.308621 0.163793 0.031034 0.044828
1 0.319828 0.114655 0.050000 0.032759
1 0.204310 0.587931 0.046552 0.027586
1 0.162069 0.643966 0.044828 0.036207
1 0.208621 0.678448 0.048276 0.036207
1 0.437931 0.621552 0.037931 0.032759
1 0.440517 0.541379 0.050000 0.055172
1 0.527586 0.456897 0.037931 0.041379
1 0.745690 0.529310 0.025862 0.044828
1 0.908621 0.493966 0.048276 0.039655
1 0.909483 0.565517 0.025862 0.034483
1 0.799138 0.557759 0.043103 0.032759
1 0.831897 0.507759 0.029310 0.039655
1 0.724138 0.810345 0.034483 0.058621
1 0.708621 0.881034 0.041379 0.041379
1 0.748276 0.904310 0.055172 0.039655
1 0.901724 0.774138 0.041379 0.051724
1 0.551724 0.787069 0.037931 0.039655
1 0.617241 0.780172 0.051724 0.039655
1 0.428448 0.835345 0.029310 0.032759
1 0.470690 0.847414 0.037931 0.032759
1 0.485345 0.798276 0.039655 0.037931
1 0.517241 0.847414 0.027586 0.043103
1 0.140517 0.531034 0.053448 0.037931
1 0.306897 0.459483 0.044828 0.050000
1 0.353448 0.489655 0.037931 0.041379
1 0.325862 0.520690 0.034483 0.041379
1 0.451724 0.669828 0.034483 0.039655
1 0.348276 0.903448 0.037931 0.034483
1 0.281034 0.900862 0.031034 0.029310
1 0.217241 0.844828 0.044828 0.037931
1 0.187931 0.811207 0.041379 0.036207