1 0.323276 0.315517 0.046552 0.037931
1 0.419828 0.339655 0.046552 0.027586
1 0.480172 0.250000 0.025862 0.031034
1 0.562931 0.256034 0.050000 0.025862
1 0.681034 0.177586 0.051724 0.027586
1 0.772414 0.116379 0.034483 0.025862
1 0.793966 0.083621 0.032759 0.025862
1 0.885345 0.082759 0.029310 0.027586
1 0.850000 0.138793 0.041379 0.036207
1 0.816379 0.229310 0.029310 0.031034
1 0.849138 0.281897 0.036207 0.029310
1 0.848276 0.379310 0.034483 0.037931
1 0.876724 0.413793 0.018966 0.031034
1 0.923276 0.431034 0.029310 0.034483
1 0.908621 0.457759 0.037931 0.029310
1 0.933621 0.525000 0.032759 0.046552
1 0.964655 0.553448 0.029310 0.041379
1 0.972414 0.586207 0.031034 0.051724
1 0.875862 0.673276 0.037931 0.029310
1 0.908621 0.816379 0.044828 0.056897
1 0.851724 0.781034 0.034483 0.031034
1 0.697414 0.814655 0.039655 0.036207
1 0.565517 0.850000 0.034483 0.044828
1 0.628448 0.884483 0.043103 0.041379
1 0.317241 0.821552 0.037931 0.032759
1 0.362069 0.818966 0.031034 0.037931
1 0.384483 0.855172 0.027586 0.041379
1 0.433621 0.837069 0.025862 0.032759
1 0.228448 0.260345 0.036207 0.041379
1 0.293966 0.217241 0.046552 0.041379
1 0.342241 0.214655 0.032759 0.029310
1 0.417241 0.225000 0.041379 0.039655
1 0.491379 0.163793 0.041379 0.027586
1 0.617241 0.109483 0.037931 0.036207
1 0.702586 0.081034 0.036207 0.031034
1 0.318966 0.154310 0.037931 0.039655
1 0.169828 0.229310 0.032759 0.034483
1 0.165517 0.150000 0.031034 0.034483
1 0.134483 0.056034 0.041379 0.029310
1 0.095690 0.485345 0.039655 0.036207
1 0.358621 0.484483 0.034483 0.037931