1 0.167241 0.118966 0.027586 0.041379
1 0.310345 0.037931 0.020690 0.027586
1 0.177586 0.043103 0.041379 0.027586
1 0.133621 0.043966 0.029310 0.029310
1 0.123276 0.109483 0.032759 0.025862
1 0.062931 0.065517 0.036207 0.024138
1 0.080172 0.250862 0.025862 0.018966
1 0.123276 0.179310 0.025862 0.027586
1 0.156034 0.167241 0.029310 0.031034
1 0.199138 0.167241 0.022414 0.024138
1 0.182759 0.147414 0.034483 0.025862
1 0.245690 0.184483 0.025862 0.024138
1 0.241379 0.141379 0.027586 0.024138
1 0.265517 0.077586 0.027586 0.027586
1 0.376724 0.131034 0.029310 0.031034
1 0.317241 0.128448 0.027586 0.018966
1 0.303448 0.149138 0.034483 0.022414
1 0.275000 0.198276 0.025862 0.020690
1 0.325862 0.197414 0.027586 0.022414
1 0.361207 0.172414 0.022414 0.017241
1 0.362931 0.231897 0.025862 0.029310
1 0.307759 0.236207 0.022414 0.031034
1 0.224138 0.330172 0.031034 0.022414
1 0.194828 0.260345 0.024138 0.027586
1 0.163793 0.271552 0.020690 0.025862
1 0.115517 0.270690 0.020690 0.020690
1 0.153448 0.220690 0.027586 0.027586
1 0.062931 0.286207 0.022414 0.037931
1 0.094828 0.380172 0.027586 0.025862
1 0.106897 0.437069 0.031034 0.032759
1 0.154310 0.464655 0.025862 0.029310
1 0.200862 0.387069 0.036207 0.029310
1 0.276724 0.350862 0.032759 0.029310
1 0.303448 0.325862 0.027586 0.024138
1 0.168966 0.322414 0.034483 0.027586
1 0.140517 0.418103 0.032759 0.036207
1 0.179310 0.455172 0.024138 0.031034
1 0.202586 0.472414 0.029310 0.027586
1 0.209483 0.493966 0.032759 0.029310
1 0.287931 0.380172 0.034483 0.029310
1 0.299138 0.411207 0.032759 0.029310
1 0.325000 0.453448 0.022414 0.024138
1 0.329310 0.487069 0.017241 0.018966
1 0.347414 0.468103 0.032759 0.018966
1 0.368966 0.440517 0.041379 0.032759
1 0.388793 0.474138 0.029310 0.027586
1 0.350862 0.510345 0.046552 0.027586
1 0.401724 0.431897 0.027586 0.032759
1 0.043966 0.167241 0.022414 0.037931
1 0.010345 0.117241 0.020690 0.024138
1 0.099138 0.010345 0.036207 0.020690
1 0.089655 0.574138 0.034483 0.024138
1 0.136207 0.643103 0.020690 0.027586
1 0.183621 0.606034 0.043103 0.036207
1 0.164655 0.560345 0.025862 0.031034
1 0.201724 0.533621 0.031034 0.032759
1 0.255172 0.656034 0.031034 0.032759
1 0.242241 0.692241 0.036207 0.036207
1 0.251724 0.763793 0.037931 0.041379
1 0.190517 0.670690 0.022414 0.024138
1 0.170690 0.681897 0.031034 0.029310
1 0.137069 0.686207 0.032759 0.034483
1 0.104310 0.667241 0.029310 0.031034
1 0.146552 0.761207 0.027586 0.029310
1 0.161207 0.723276 0.036207 0.022414
1 0.192241 0.706897 0.025862 0.031034
1 0.205172 0.845690 0.027586 0.032759
1 0.186207 0.867241 0.031034 0.031034
1 0.153448 0.940517 0.037931 0.046552
1 0.120690 0.931034 0.031034 0.027586
1 0.090517 0.863793 0.032759 0.037931
1 0.081034 0.811207 0.031034 0.029310
1 0.072414 0.751724 0.027586 0.034483
1 0.326724 0.825862 0.036207 0.031034
1 0.326724 0.675862 0.036207 0.031034
1 0.288793 0.600000 0.025862 0.031034
1 0.284483 0.538793 0.034483 0.036207
1 0.331897 0.545690 0.036207 0.025862
1 0.349138 0.573276 0.025862 0.025862
1 0.386207 0.618103 0.020690 0.025862
1 0.349138 0.652586 0.036207 0.022414
1 0.368966 0.637069 0.044828 0.025862
1 0.392241 0.714655 0.039655 0.039655
1 0.424138 0.662931 0.031034 0.029310
1 0.457759 0.620690 0.032759 0.034483
1 0.426724 0.598276 0.025862 0.041379
1 0.406897 0.587931 0.031034 0.031034
1 0.402586 0.540517 0.032759 0.029310
1 0.446552 0.507759 0.037931 0.025862
1 0.452586 0.475862 0.032759 0.024138
1 0.475000 0.537931 0.029310 0.034483
1 0.455172 0.688793 0.024138 0.029310
1 0.410345 0.759483 0.031034 0.043103
1 0.379310 0.753448 0.027586 0.024138
1 0.386207 0.843966 0.024138 0.029310
1 0.385345 0.867241 0.039655 0.041379
1 0.423276 0.891379 0.036207 0.034483
1 0.405172 0.973276 0.041379 0.032759
1 0.308621 0.895690 0.034483 0.029310
1 0.282759 0.941379 0.034483 0.037931
1 0.454310 0.937069 0.032759 0.029310
1 0.499138 0.959483 0.043103 0.025862
1 0.459483 0.813793 0.029310 0.034483
1 0.460345 0.786207 0.031034 0.031034
1 0.515517 0.781034 0.027586 0.027586
1 0.497414 0.712069 0.029310 0.031034
1 0.490517 0.682759 0.036207 0.031034
1 0.511207 0.618966 0.029310 0.027586
1 0.538793 0.712069 0.029310 0.024138
1 0.572414 0.761207 0.024138 0.036207
1 0.568103 0.804310 0.025862 0.032759
1 0.540517 0.802586 0.029310 0.032759
1 0.559483 0.853448 0.032759 0.034483
1 0.307759 0.987931 0.032759 0.024138
1 0.046552 0.889655 0.027586 0.031034
1 0.492241 0.440517 0.025862 0.039655
1 0.468103 0.373276 0.036207 0.025862
1 0.483621 0.344828 0.032759 0.037931
1 0.510345 0.340517 0.027586 0.032759
1 0.532759 0.387069 0.041379 0.039655
1 0.565517 0.371552 0.034483 0.036207
1 0.616379 0.368966 0.046552 0.037931
1 0.577586 0.452586 0.017241 0.032759
1 0.535345 0.431897 0.025862 0.029310
1 0.531897 0.463793 0.036207 0.024138
1 0.538793 0.511207 0.029310 0.029310
1 0.534483 0.554310 0.044828 0.029310
1 0.583621 0.607759 0.036207 0.036207
1 0.626724 0.726724 0.029310 0.032759
1 0.615517 0.770690 0.031034 0.027586
1 0.627586 0.561207 0.034483 0.032759
1 0.629310 0.487931 0.027586 0.024138
1 0.599138 0.458621 0.032759 0.041379
1 0.585345 0.393966 0.029310 0.025862
1 0.617241 0.287931 0.044828 0.037931
1 0.541379 0.238793 0.027586 0.053448
1 0.433621 0.224138 0.032759 0.031034
1 0.421552 0.263793 0.029310 0.031034
1 0.511207 0.143966 0.025862 0.032759
1 0.467241 0.150862 0.034483 0.039655
1 0.485345 0.103448 0.032759 0.044828
1 0.451724 0.090517 0.044828 0.032759
1 0.489655 0.018103 0.034483 0.036206
1 0.551724 0.107759 0.034483 0.036207
1 0.643966 0.068966 0.025862 0.027586
1 0.574138 0.019828 0.034483 0.032759
1 0.700862 0.021552 0.018966 0.036207
1 0.669828 0.019828 0.025862 0.032759
1 0.679310 0.062069 0.034483 0.024138
1 0.617241 0.037069 0.024138 0.025862
1 0.608621 0.072414 0.027586 0.034483
1 0.663793 0.131034 0.041379 0.031034
1 0.686207 0.106034 0.024138 0.018966
1 0.618966 0.133621 0.034483 0.022414
1 0.679310 0.154310 0.027586 0.022414
1 0.710345 0.145690 0.034483 0.018966
1 0.731897 0.100862 0.036207 0.025862
1 0.781034 0.105172 0.031034 0.044828
1 0.770690 0.048276 0.031034 0.027586
1 0.793966 0.024138 0.029310 0.024138
1 0.853448 0.027586 0.031034 0.024138
1 0.865517 0.068103 0.024138 0.032759
1 0.831034 0.071552 0.027586 0.036207
1 0.893103 0.094828 0.027586 0.020690
1 0.928448 0.033621 0.029310 0.043103
1 0.959483 0.039655 0.025862 0.031034
1 0.931034 0.097414 0.027586 0.039655
1 0.967241 0.134483 0.020690 0.037931
1 0.859483 0.164655 0.022414 0.022414
1 0.812931 0.129310 0.025862 0.020690
1 0.812069 0.206897 0.031034 0.041379
1 0.740517 0.214655 0.032759 0.029310
1 0.720690 0.168103 0.027586 0.022414
1 0.684483 0.224138 0.027586 0.031034
1 0.696552 0.256897 0.020690 0.041379
1 0.677586 0.279310 0.024138 0.034483
1 0.632759 0.223276 0.024138 0.032759
1 0.593966 0.197414 0.022414 0.029310
1 0.574138 0.189655 0.031034 0.031034
1 0.831034 0.305172 0.027586 0.024138
1 0.837069 0.337069 0.025862 0.025862
1 0.889655 0.320690 0.027586 0.024138
1 0.885345 0.299138 0.029310 0.018966
1 0.930172 0.324138 0.022414 0.031034
1 0.968966 0.222414 0.024138 0.031034
1 0.985345 0.170690 0.025862 0.020690
1 0.985345 0.312069 0.029310 0.027586
1 0.935345 0.425862 0.036207 0.027586
1 0.957759 0.466379 0.029310 0.025862
1 0.985345 0.476724 0.025862 0.036207
1 0.953448 0.500000 0.037931 0.034483
1 0.931034 0.575862 0.041379 0.062069
1 0.989655 0.696552 0.020690 0.044828
1 0.987931 0.787069 0.024138 0.039655
1 0.989655 0.821552 0.020690 0.036207
1 0.975862 0.918966 0.027586 0.034483
1 0.984483 0.968966 0.031034 0.034483
1 0.937069 0.915517 0.025862 0.027586
1 0.945690 0.850000 0.025862 0.034483
1 0.911207 0.876724 0.029310 0.029310
1 0.905172 0.955172 0.031034 0.048276
1 0.882759 0.846552 0.027586 0.037931
1 0.899138 0.819828 0.025862 0.039655
1 0.926724 0.797414 0.032759 0.025862
1 0.942241 0.773276 0.022414 0.029310
1 0.910345 0.762069 0.034483 0.034483
1 0.905172 0.691379 0.051724 0.024138
1 0.915517 0.627586 0.044828 0.037931
1 0.866379 0.722414 0.039655 0.024138
1 0.852586 0.756897 0.036207 0.027586
1 0.843103 0.918966 0.037931 0.055172
1 0.847414 0.982759 0.032759 0.027586
1 0.773276 0.907759 0.039655 0.036207
1 0.797414 0.807759 0.039655 0.043103
1 0.875862 0.593966 0.037931 0.036207
1 0.868966 0.464655 0.031034 0.029310
1 0.859483 0.434483 0.022414 0.034483
1 0.890517 0.410345 0.036207 0.044828
1 0.806034 0.385345 0.025862 0.036207
1 0.808621 0.350862 0.027586 0.036207
1 0.823276 0.279310 0.025862 0.027586
1 0.801724 0.277586 0.024138 0.037931
1 0.741379 0.285345 0.041379 0.032759
1 0.724138 0.328448 0.037931 0.029310
1 0.714655 0.414655 0.039655 0.050000
1 0.762069 0.375862 0.027586 0.034483
1 0.795690 0.436207 0.032759 0.031034
1 0.819828 0.465517 0.022414 0.027586
1 0.841379 0.494828 0.024138 0.024138
1 0.844828 0.537069 0.027586 0.022414
1 0.826724 0.581034 0.029310 0.034483
1 0.791379 0.621552 0.037931 0.029310
1 0.756897 0.617241 0.024138 0.027586
1 0.753448 0.652586 0.027586 0.012069
1 0.737069 0.697414 0.032759 0.018966
1 0.724138 0.669828 0.037931 0.029310
1 0.698276 0.696552 0.024138 0.034483
1 0.722414 0.736207 0.027586 0.024138
1 0.756034 0.737931 0.025862 0.031034
1 0.730172 0.777586 0.025862 0.031034
1 0.693966 0.774138 0.025862 0.031034
1 0.729310 0.867241 0.027586 0.034483
1 0.621552 0.871552 0.025862 0.022414
1 0.622414 0.905172 0.020690 0.034483
1 0.667241 0.908621 0.031034 0.027586
1 0.623276 0.942241 0.029310 0.029310
1 0.607759 0.984483 0.029310 0.024138
1 0.649138 0.967241 0.032759 0.024138
1 0.709483 0.627586 0.039655 0.024138
1 0.774138 0.503448 0.024138 0.024138
1 0.739655 0.498276 0.027586 0.027586
1 0.743966 0.451724 0.029310 0.031034
1 0.634483 0.337931 0.034483 0.024138
1 0.665517 0.203448 0.024138 0.031034