1 0.051724 0.014655 0.034483 0.029310
1 0.031897 0.043966 0.039655 0.032759
1 0.012069 0.106034 0.024138 0.056897
1 0.077586 0.102586 0.031034 0.032759
1 0.156897 0.018103 0.034483 0.036206
1 0.227586 0.032759 0.034483 0.037931
1 0.308621 0.040517 0.027586 0.032759
1 0.438793 0.043103 0.046552 0.031034
1 0.583621 0.012931 0.032759 0.025862
1 0.612069 0.029310 0.031034 0.041379
1 0.706897 0.131897 0.037931 0.036207
1 0.817241 0.075862 0.031034 0.027586
1 0.836207 0.107759 0.027586 0.032759
1 0.859483 0.058621 0.032759 0.024138
1 0.939655 0.012931 0.020690 0.018966
1 0.983621 0.032759 0.032758 0.031034
1 0.772414 0.159483 0.041379 0.029310
1 0.878448 0.150000 0.036207 0.024138
1 0.850862 0.181034 0.025862 0.024138
1 0.851724 0.224138 0.041379 0.027586
1 0.854310 0.314655 0.036207 0.032759
1 0.884483 0.334483 0.034483 0.031034
1 0.929310 0.375000 0.034483 0.032759
1 0.865517 0.398276 0.031034 0.024138
1 0.843966 0.348276 0.032759 0.024138
1 0.786207 0.217241 0.037931 0.041379
1 0.754310 0.190517 0.022414 0.043103
1 0.721552 0.185345 0.025862 0.022414
1 0.952586 0.273276 0.036207 0.032759
1 0.944828 0.446552 0.017241 0.024138
1 0.978448 0.448276 0.022414 0.031034
1 0.973276 0.495690 0.029310 0.036207
1 0.931034 0.530172 0.037931 0.029310
1 0.938793 0.592241 0.032759 0.032759
1 0.987931 0.594828 0.020690 0.031034
1 0.957759 0.617241 0.025862 0.027586
1 0.928448 0.618966 0.032759 0.020690
1 0.965517 0.695690 0.031034 0.032759
1 0.945690 0.750862 0.029310 0.029310
1 0.987069 0.799138 0.025862 0.029310
1 0.968103 0.809483 0.029310 0.022414
1 0.975862 0.846552 0.027586 0.037931
1 0.965517 0.886207 0.031034 0.041379
1 0.960345 0.953448 0.027586 0.034483
1 0.919828 0.909483 0.036207 0.036207
1 0.893103 0.956897 0.031034 0.017241
1 0.861207 0.941379 0.025862 0.024138
1 0.881897 0.843966 0.022414 0.015517
1 0.901724 0.789655 0.027586 0.027586
1 0.878448 0.746552 0.039655 0.031034
1 0.838793 0.702586 0.029310 0.025862
1 0.830172 0.802586 0.022414 0.025862
1 0.906897 0.548276 0.031034 0.020690
1 0.875862 0.549138 0.017241 0.015517
1 0.896552 0.519828 0.034483 0.025862
1 0.899138 0.452586 0.032759 0.043103
1 0.922414 0.436207 0.034483 0.051724
1 0.835345 0.388793 0.043103 0.022414
1 0.814655 0.489655 0.032759 0.037931
1 0.787931 0.442241 0.041379 0.029310
1 0.770690 0.475000 0.041379 0.018966
1 0.800862 0.402586 0.043103 0.029310
1 0.783621 0.529310 0.025862 0.031034
1 0.752586 0.506897 0.046552 0.034483
1 0.775862 0.737069 0.031034 0.032759
1 0.843103 0.970690 0.037931 0.031034
1 0.787069 0.895690 0.032759 0.039655
1 0.719828 0.968966 0.043103 0.037931
1 0.716379 0.911207 0.036207 0.036207
1 0.743103 0.784483 0.034483 0.034483
1 0.739655 0.747414 0.041379 0.029310
1 0.736207 0.684483 0.031034 0.024138
1 0.744828 0.649138 0.034483 0.022414
1 0.747414 0.596552 0.029310 0.037931
1 0.798276 0.265517 0.031034 0.037931
1 0.644828 0.971552 0.024138 0.039655
1 0.543103 0.982759 0.027586 0.034482
1 0.520690 0.961207 0.027586 0.032759
1 0.503448 0.937069 0.027586 0.025862
1 0.478448 0.956897 0.032759 0.037931
1 0.451724 0.944828 0.037931 0.031034
1 0.387931 0.966379 0.027586 0.029310
1 0.392241 0.912931 0.029310 0.046552
1 0.299138 0.981034 0.022414 0.024138
1 0.263793 0.985345 0.024138 0.025862
1 0.168103 0.986207 0.036207 0.027586
1 0.096552 0.977586 0.024138 0.024138
1 0.016379 0.981897 0.029310 0.036206
1 0.044828 0.934483 0.027586 0.027586
1 0.080172 0.940517 0.029310 0.032759
1 0.156034 0.918966 0.029310 0.024138
1 0.237931 0.907759 0.031034 0.029310
1 0.274138 0.917241 0.024138 0.027586
1 0.302586 0.904310 0.025862 0.022414
1 0.296552 0.875862 0.034483 0.034483
1 0.208621 0.858621 0.031034 0.024138
1 0.145690 0.877586 0.036207 0.031034
1 0.018966 0.889655 0.037931 0.037931
1 0.031034 0.809483 0.037931 0.029310
1 0.126724 0.812069 0.032759 0.034483
1 0.156897 0.805172 0.034483 0.024138
1 0.021552 0.761207 0.025862 0.022414
1 0.108621 0.712069 0.037931 0.044828
1 0.094828 0.665517 0.024138 0.027586
1 0.027586 0.600862 0.031034 0.029310
1 0.050862 0.496552 0.046552 0.044828
1 0.029310 0.527586 0.037931 0.041379
1 0.019828 0.480172 0.029310 0.029310
1 0.114655 0.435345 0.029310 0.036207
1 0.079310 0.455172 0.034483 0.031034
1 0.106897 0.342241 0.037931 0.036207
1 0.048276 0.320690 0.024138 0.041379
1 0.009483 0.251724 0.018966 0.034483
1 0.168966 0.160345 0.027586 0.031034
1 0.113793 0.190517 0.031034 0.025862
1 0.246552 0.114655 0.031034 0.039655
1 0.221552 0.104310 0.039655 0.025862
1 0.227586 0.181897 0.020690 0.032759
1 0.256034 0.198276 0.025862 0.027586
1 0.252586 0.161207 0.029310 0.022414
1 0.325000 0.162931 0.029310 0.025862
1 0.300000 0.170690 0.027586 0.020690
1 0.356897 0.136207 0.037931 0.017241
1 0.320690 0.112069 0.034483 0.020690
1 0.406897 0.085345 0.041379 0.029310
1 0.415517 0.112931 0.020690 0.025862
1 0.418966 0.161207 0.024138 0.018966
1 0.405172 0.216379 0.034483 0.036207
1 0.465517 0.181897 0.024138 0.029310
1 0.484483 0.229310 0.041379 0.031034
1 0.413793 0.306897 0.027586 0.031034
1 0.356034 0.247414 0.025862 0.025862
1 0.331034 0.215517 0.037931 0.024138
1 0.311207 0.280172 0.025862 0.032759
1 0.204310 0.206034 0.022414 0.018966
1 0.198276 0.231897 0.031034 0.029310
1 0.158621 0.295690 0.020690 0.032759
1 0.180172 0.306897 0.025862 0.031034
1 0.275862 0.341379 0.031034 0.031034
1 0.353448 0.332759 0.034483 0.024138
1 0.363793 0.349138 0.034483 0.022414
1 0.390517 0.367241 0.029310 0.031034
1 0.436207 0.379310 0.034483 0.027586
1 0.538793 0.519828 0.036207 0.036207
1 0.569828 0.665517 0.032759 0.044828
1 0.619828 0.783621 0.046552 0.036207
1 0.693966 0.783621 0.032759 0.029310
1 0.674138 0.826724 0.031034 0.032759
1 0.686207 0.684483 0.024138 0.031034
1 0.597414 0.719828 0.032759 0.025862
1 0.628448 0.678448 0.029310 0.029310
1 0.633621 0.646552 0.018966 0.031034
1 0.639655 0.593103 0.031034 0.027586
1 0.618966 0.528448 0.027586 0.025862
1 0.592241 0.552586 0.032759 0.029310
1 0.579310 0.581897 0.034483 0.025862
1 0.568966 0.607759 0.027586 0.029310
1 0.462931 0.612931 0.046552 0.032759
1 0.469828 0.680172 0.022414 0.029310
1 0.475000 0.718966 0.022414 0.020690
1 0.506897 0.841379 0.031034 0.048276
1 0.574138 0.881897 0.027586 0.029310
1 0.516379 0.895690 0.036207 0.018966
1 0.563793 0.852586 0.017241 0.032759
1 0.549138 0.831897 0.022414 0.036207
1 0.560345 0.787069 0.024138 0.022414
1 0.520690 0.796552 0.024138 0.024138
1 0.464655 0.768103 0.032759 0.032759
1 0.466379 0.830172 0.036207 0.039655
1 0.428448 0.868103 0.032759 0.025862
1 0.413793 0.834483 0.024138 0.037931
1 0.386207 0.844828 0.024138 0.048276
1 0.343103 0.862069 0.031034 0.041379
1 0.350862 0.794828 0.025862 0.027586
1 0.298276 0.771552 0.020690 0.025862
1 0.279310 0.791379 0.024138 0.020690
1 0.347414 0.716379 0.039655 0.029310
1 0.518966 0.154310 0.027586 0.029310
1 0.506034 0.177586 0.029310 0.037931
1 0.588793 0.188793 0.022414 0.022414
1 0.562931 0.175000 0.029310 0.018966
1 0.564655 0.154310 0.032759 0.025862
1 0.573276 0.116379 0.025862 0.025862
1 0.518966 0.100862 0.031034 0.029310
1 0.487069 0.069828 0.022414 0.029310
1 0.463793 0.134483 0.024138 0.027586
1 0.656034 0.144828 0.022414 0.041379
1 0.629310 0.131034 0.024138 0.024138
1 0.615517 0.213793 0.031034 0.020690
1 0.738793 0.273276 0.053448 0.032759
1 0.553448 0.214655 0.017241 0.029310
1 0.592241 0.250862 0.039655 0.029310
1 0.620690 0.280172 0.031034 0.029310
1 0.663793 0.294828 0.041379 0.034483
1 0.749138 0.325862 0.032759 0.027586
1 0.768103 0.346552 0.029310 0.027586
1 0.725000 0.341379 0.022414 0.031034
1 0.700000 0.337931 0.027586 0.024138
1 0.661207 0.343103 0.022414 0.031034
1 0.635345 0.347414 0.025862 0.025862
1 0.697414 0.368103 0.025862 0.022414
1 0.681034 0.394828 0.024138 0.027586
1 0.704310 0.421552 0.032759 0.032759
1 0.731897 0.413793 0.022414 0.031034
1 0.701724 0.480172 0.044828 0.036207
1 0.679310 0.548276 0.024138 0.044828
1 0.680172 0.618966 0.036207 0.034483
1 0.590517 0.443966 0.032759 0.039655
1 0.573276 0.470690 0.036207 0.031034
1 0.593966 0.352586 0.022414 0.029310
1 0.567241 0.341379 0.041379 0.037931
1 0.543103 0.281034 0.044828 0.041379
1 0.509483 0.320690 0.025862 0.044828
1 0.487931 0.346552 0.034483 0.037931
1 0.453448 0.257759 0.041379 0.036207
1 0.525000 0.375000 0.029310 0.050000
1 0.556897 0.400862 0.031034 0.032759
1 0.531897 0.462069 0.015517 0.031034
1 0.502586 0.479310 0.036207 0.037931
1 0.453448 0.562069 0.037931 0.044828
1 0.424138 0.488793 0.027586 0.032759
1 0.474138 0.406897 0.031034 0.031034
1 0.432759 0.420690 0.024138 0.027586
1 0.407759 0.405172 0.025862 0.020690
1 0.402586 0.432759 0.032759 0.027586
1 0.379310 0.459483 0.034483 0.029310
1 0.385345 0.496552 0.029310 0.027586
1 0.335345 0.496552 0.032759 0.041379
1 0.296552 0.528448 0.034483 0.039655
1 0.270690 0.575862 0.027586 0.034483
1 0.250862 0.614655 0.036207 0.036207
1 0.247414 0.666379 0.032759 0.039655
1 0.248276 0.743966 0.041379 0.060345
1 0.143966 0.749138 0.025862 0.032759
1 0.170690 0.572414 0.031034 0.020690
1 0.138793 0.531034 0.036207 0.037931
1 0.229310 0.500862 0.031034 0.039655
1 0.262069 0.404310 0.020690 0.018966
1 0.309483 0.412931 0.018966 0.018966
1 0.330172 0.386207 0.036207 0.020690
1 0.337069 0.451724 0.018966 0.027586
1 0.305172 0.462931 0.034483 0.025862
1 0.262069 0.450000 0.027586 0.027586
1 0.313793 0.593103 0.024138 0.031034
1 0.333621 0.631897 0.025862 0.036207
1 0.382759 0.650862 0.031034 0.032759
1 0.407759 0.679310 0.022414 0.027586
1 0.368103 0.594828 0.025862 0.020690
1 0.397414 0.606897 0.025862 0.020690
1 0.410345 0.588793 0.024138 0.022414
1 0.439655 0.655172 0.024138 0.020690
1 0.418966 0.527586 0.044828 0.024138
1 0.359483 0.555172 0.039655 0.024138