1 0.411207 0.437069 0.036207 0.050000
1 0.488793 0.618966 0.029310 0.031034
1 0.548276 0.535345 0.027586 0.036207
1 0.813793 0.133621 0.041379 0.043103
1 0.943966 0.263793 0.043103 0.048276
1 0.947414 0.429310 0.036207 0.044828
1 0.933621 0.515517 0.036207 0.044828
1 0.964655 0.543966 0.039655 0.050000
1 0.916379 0.679310 0.036207 0.031034
1 0.976724 0.781897 0.029310 0.046552
1 0.714655 0.656034 0.046552 0.039655
1 0.204310 0.610345 0.036207 0.037931
1 0.237069 0.612931 0.036207 0.032759
1 0.362931 0.481897 0.036207 0.029310
1 0.553448 0.256897 0.041379 0.037931
1 0.739655 0.162069 0.037931 0.034483
1 0.773276 0.162931 0.025862 0.046552
1 0.867241 0.175000 0.041379 0.029310
1 0.963793 0.042241 0.027586 0.029310
1 0.943966 0.025000 0.025862 0.032759
1 0.865517 0.124138 0.031034 0.031034
1 0.790517 0.062069 0.029310 0.027586
1 0.687069 0.136207 0.036207 0.027586
1 0.666379 0.099138 0.032759 0.036207
1 0.634483 0.167241 0.034483 0.031034
1 0.599138 0.206897 0.032759 0.044828
1 0.627586 0.244828 0.031034 0.031034
1 0.526724 0.213793 0.025862 0.048276
1 0.555172 0.339655 0.027586 0.034483
1 0.519828 0.328448 0.032759 0.039655
1 0.465517 0.288793 0.031034 0.043103
1 0.429310 0.345690 0.041379 0.032759
1 0.336207 0.258621 0.041379 0.041379
1 0.420690 0.070690 0.051724 0.041379
1 0.603448 0.045690 0.034483 0.039655
1 0.652586 0.018966 0.032759 0.024138
1 0.447414 0.012069 0.036207 0.024138
1 0.358621 0.079310 0.034483 0.031034
1 0.278448 0.171552 0.039655 0.039655
1 0.241379 0.144828 0.037931 0.044828
1 0.144828 0.132759 0.037931 0.034483
1 0.130172 0.037069 0.032759 0.022414
1 0.042241 0.018103 0.043103 0.036206
1 0.211207 0.355172 0.039655 0.055172
1 0.278448 0.309483 0.032759 0.036207
1 0.240517 0.293966 0.032759 0.039655
1 0.302586 0.262931 0.036207 0.039655
1 0.161207 0.456034 0.032759 0.036207
1 0.136207 0.461207 0.031034 0.032759
1 0.040517 0.303448 0.046552 0.051724
1 0.053448 0.387931 0.037931 0.031034
1 0.018103 0.455172 0.032759 0.034483
1 0.046552 0.488793 0.037931 0.025862
1 0.038793 0.509483 0.032759 0.046552
1 0.181034 0.539655 0.037931 0.031034
1 0.187931 0.517241 0.031034 0.031034
1 0.148276 0.527586 0.037931 0.044828
1 0.318103 0.515517 0.036207 0.027586
1 0.331034 0.495690 0.048276 0.029310
1 0.428448 0.631897 0.036207 0.036207
1 0.434483 0.675862 0.037931 0.037931
1 0.480172 0.653448 0.036207 0.031034
1 0.379310 0.263793 0.024138 0.027586
1 0.402586 0.189655 0.036207 0.051724
1 0.343103 0.150862 0.027586 0.036207
1 0.217241 0.060345 0.027586 0.031034
1 0.185345 0.039655 0.036207 0.037931
1 0.250862 0.018966 0.029310 0.037931
1 0.293103 0.037069 0.031034 0.032759
1 0.195690 0.147414 0.025862 0.036207
1 0.147414 0.339655 0.039655 0.058621
1 0.088793 0.435345 0.025862 0.039655
1 0.056897 0.755172 0.037931 0.034483
1 0.162069 0.774138 0.041379 0.037931
1 0.211207 0.787069 0.036207 0.036207
1 0.119828 0.836207 0.032759 0.034483
1 0.086207 0.806034 0.031034 0.032759
1 0.052586 0.837931 0.032759 0.041379
1 0.068103 0.931034 0.039655 0.031034
1 0.267241 0.943103 0.037931 0.034483
1 0.327586 0.884483 0.041379 0.027586
1 0.156034 0.975862 0.043103 0.027586
1 0.375862 0.755172 0.041379 0.044828
1 0.415517 0.764655 0.037931 0.039655
1 0.481897 0.730172 0.029310 0.046552
1 0.506897 0.696552 0.034483 0.044828
1 0.813793 0.770690 0.041379 0.037931
1 0.872414 0.901724 0.041379 0.034483
1 0.843103 0.559483 0.044828 0.056897
1 0.863793 0.436207 0.031034 0.055172
1 0.794828 0.409483 0.031034 0.029310
1 0.808621 0.314655 0.044828 0.043103
1 0.781034 0.258621 0.034483 0.024138
1 0.700862 0.244828 0.036207 0.027586
1 0.691379 0.281897 0.048276 0.039655
1 0.646552 0.371552 0.048276 0.029310
1 0.630172 0.407759 0.029310 0.043103
1 0.568966 0.393103 0.037931 0.058621
1 0.705172 0.489655 0.031034 0.044828
1 0.616379 0.614655 0.043103 0.036207
1 0.654310 0.617241 0.025862 0.048276
1 0.806034 0.881897 0.032759 0.053448
1 0.936207 0.833621 0.044828 0.039655
1 0.898276 0.290517 0.024138 0.046552
1 0.842241 0.308621 0.036207 0.031034
1 0.580172 0.075862 0.036207 0.041379
1 0.443966 0.118103 0.039655 0.025862
1 0.376724 0.664655 0.032759 0.050000
1 0.503448 0.517241 0.031034 0.034483
1 0.168966 0.681897 0.034483 0.046552
1 0.168103 0.718103 0.050000 0.032759
1 0.284483 0.652586 0.031034 0.036207
1 0.307759 0.648276 0.029310 0.031034
1 0.417241 0.528448 0.041379 0.039655
1 0.781034 0.605172 0.037931 0.041379
1 0.810345 0.730172 0.041379 0.029310
1 0.678448 0.757759 0.053448 0.039655
1 0.752586 0.830172 0.036207 0.046552
1 0.459483 0.249138 0.043103 0.025862
1 0.545690 0.290517 0.043103 0.029310
1 0.247414 0.876724 0.056897 0.039655
1 0.019828 0.690517 0.039655 0.032759