1 0.237069 0.250000 0.046552 0.031034
1 0.275000 0.274138 0.039655 0.034483
1 0.256034 0.343103 0.043103 0.068966
1 0.362931 0.346552 0.036207 0.044828
1 0.398276 0.381034 0.041379 0.041379
1 0.566379 0.270690 0.036207 0.048276
1 0.631034 0.261207 0.034483 0.029310
1 0.669828 0.275000 0.050000 0.029310
1 0.723276 0.294828 0.046552 0.034483
1 0.734483 0.418103 0.044828 0.039655
1 0.761207 0.362069 0.050000 0.044828
1 0.815517 0.366379 0.034483 0.036207
1 0.902586 0.264655 0.032759 0.043103
1 0.837931 0.506034 0.044828 0.039655
1 0.905172 0.493966 0.034483 0.043103
1 0.929310 0.668966 0.041379 0.034483
1 0.615517 0.718103 0.058621 0.036207
1 0.611207 0.774138 0.046552 0.034483
1 0.545690 0.785345 0.053448 0.036207
1 0.489655 0.800862 0.048276 0.043103
1 0.247414 0.731897 0.063793 0.032759
1 0.312069 0.747414 0.024138 0.039655
1 0.212069 0.666379 0.044828 0.046552
1 0.043103 0.244828 0.041379 0.058621
1 0.121552 0.272414 0.043103 0.041379
1 0.111207 0.211207 0.046552 0.032759
1 0.162069 0.204310 0.048276 0.039655
1 0.188793 0.803448 0.036207 0.041379
1 0.733621 0.806897 0.032759 0.037931
1 0.714655 0.895690 0.036207 0.046552
1 0.908621 0.772414 0.055172 0.037931
1 0.812931 0.562069 0.032759 0.048276
1 0.737069 0.598276 0.039655 0.034483
1 0.755172 0.531034 0.041379 0.055172
1 0.906897 0.041379 0.041379 0.037931