1 0.318103 0.352586 0.070690 0.067241
1 0.341379 0.279310 0.062069 0.062069
1 0.443966 0.274138 0.015517 0.024138
1 0.419828 0.243103 0.025862 0.027586
1 0.505172 0.289655 0.044828 0.041379
1 0.593103 0.230172 0.048276 0.046552
1 0.661207 0.284483 0.053448 0.062069
1 0.782759 0.181897 0.037931 0.022414
1 0.772414 0.146552 0.031034 0.058621
1 0.777586 0.208621 0.031034 0.034483
1 0.667241 0.100862 0.044828 0.046552
1 0.822414 0.517241 0.055172 0.048276
1 0.845690 0.590517 0.081034 0.043103
1 0.876724 0.656034 0.036207 0.053448
1 0.949138 0.775000 0.056897 0.077586
1 0.926724 0.873276 0.060345 0.056897
1 0.831897 0.894828 0.032759 0.031034
1 0.798276 0.863793 0.051724 0.027586
1 0.811207 0.811207 0.029310 0.022414
1 0.825862 0.789655 0.027586 0.034483
1 0.763793 0.738793 0.096552 0.043103
1 0.732759 0.874138 0.068966 0.086207
1 0.611207 0.912069 0.053448 0.041379
1 0.566379 0.819828 0.060345 0.060345
1 0.612931 0.623276 0.046552 0.053448
1 0.494828 0.450000 0.055172 0.058621
1 0.650000 0.407759 0.068966 0.056897
1 0.862931 0.355172 0.036207 0.034483
1 0.502586 0.598276 0.074138 0.082759
1 0.350862 0.758621 0.060345 0.058621
1 0.222414 0.726724 0.055172 0.060345
1 0.099138 0.732759 0.070690 0.051724
1 0.163793 0.689655 0.055172 0.075862
1 0.150862 0.584483 0.077586 0.089655
1 0.202586 0.501724 0.043103 0.041379
1 0.164655 0.447414 0.039655 0.060345
1 0.164655 0.381034 0.046552 0.051724
1 0.442241 0.171552 0.032759 0.063793
1 0.677586 0.475862 0.048276 0.051724
1 0.724138 0.498276 0.041379 0.037931
1 0.790517 0.428448 0.046552 0.039655
1 0.843966 0.725000 0.029310 0.043103
1 0.832759 0.675000 0.041379 0.060345
1 0.791379 0.661207 0.037931 0.050000
1 0.697414 0.980172 0.056897 0.039655
1 0.404310 0.859483 0.074138 0.081034
1 0.442241 0.786207 0.046552 0.037931
1 0.511207 0.724138 0.036207 0.037931
1 0.370690 0.597414 0.051724 0.060345
1 0.286207 0.641379 0.089655 0.037931
1 0.071552 0.362931 0.046552 0.050000
1 0.047414 0.133621 0.091379 0.094828
1 0.162931 0.191379 0.043103 0.037931
1 0.193966 0.220690 0.039655 0.051724
1 0.290517 0.161207 0.046552 0.046552
1 0.728448 0.568103 0.081034 0.060345
1 0.546552 0.528448 0.055172 0.050000
1 0.292241 0.900862 0.074138 0.056897
1 0.300862 0.818966 0.053448 0.068966
1 0.042241 0.536207 0.053448 0.058621
1 0.117241 0.486207 0.051724 0.037931
1 0.466379 0.833621 0.039655 0.039655
1 0.477586 0.683621 0.055172 0.039655
1 0.354310 0.207759 0.039655 0.063793
1 0.247414 0.294828 0.039655 0.034483
1 0.076724 0.813793 0.039655 0.051724
1 0.123276 0.861207 0.050000 0.046552
1 0.193966 0.957759 0.056897 0.043103
1 0.521552 0.943103 0.074138 0.072414
1 0.920690 0.251724 0.041379 0.037931
1 0.897414 0.128448 0.070690 0.077586
1 0.818103 0.035345 0.029310 0.032759