1 0.049138 0.150000 0.050000 0.041379
1 0.100000 0.230172 0.041379 0.046552
1 0.026724 0.284483 0.036207 0.034483
1 0.109483 0.377586 0.046552 0.037931
1 0.029310 0.380172 0.048276 0.043103
1 0.243966 0.320690 0.018966 0.034483
1 0.693966 0.201724 0.029310 0.027586
1 0.731897 0.156034 0.018966 0.015517
1 0.815517 0.131034 0.017241 0.020690
1 0.910345 0.131897 0.020690 0.025862
1 0.774138 0.266379 0.027586 0.022414
1 0.836207 0.294828 0.027586 0.031034
1 0.762069 0.457759 0.020690 0.015517
1 0.662069 0.445690 0.041379 0.032759
1 0.528448 0.377586 0.039655 0.024138
1 0.441379 0.388793 0.020690 0.025862
1 0.458621 0.312069 0.020690 0.013793
1 0.444828 0.281897 0.020690 0.032759
1 0.473276 0.231897 0.022414 0.015517
1 0.557759 0.216379 0.022414 0.029310
1 0.622414 0.268103 0.017241 0.025862
1 0.796552 0.306897 0.020690 0.041379
1 0.891379 0.346552 0.020690 0.013793
1 0.917241 0.405172 0.027586 0.024138
1 0.917241 0.430172 0.020690 0.018966
1 0.910345 0.524138 0.031034 0.013793
1 0.901724 0.564655 0.020690 0.015517
1 0.762931 0.618103 0.029310 0.015517
1 0.714655 0.602586 0.018966 0.015517
1 0.793103 0.563793 0.031034 0.034483
1 0.620690 0.632759 0.037931 0.024138
1 0.634483 0.654310 0.034483 0.022414
1 0.556034 0.646552 0.022414 0.037931
1 0.469828 0.635345 0.032759 0.046552
1 0.423276 0.571552 0.039655 0.025862
1 0.472414 0.434483 0.020690 0.031034
1 0.351724 0.485345 0.031034 0.018966
1 0.380172 0.428448 0.022414 0.022414