1 0.067241 0.091379 0.048276 0.048276
1 0.160345 0.154310 0.058621 0.046552
1 0.074138 0.200000 0.048276 0.027586
1 0.057759 0.313793 0.046552 0.058621
1 0.197414 0.279310 0.067241 0.041379
1 0.187931 0.327586 0.044828 0.034483
1 0.270690 0.361207 0.044828 0.043103
1 0.386207 0.247414 0.048276 0.036207
1 0.406034 0.206034 0.029310 0.046552
1 0.352586 0.153448 0.032759 0.062069
1 0.287069 0.142241 0.053448 0.043103
1 0.279310 0.200000 0.024138 0.027586
1 0.241379 0.081897 0.034483 0.025862
1 0.332759 0.054310 0.041379 0.036207
1 0.434483 0.055172 0.037931 0.031034
1 0.502586 0.064655 0.032759 0.032759
1 0.555172 0.090517 0.037931 0.032759
1 0.550862 0.045690 0.032759 0.036207
1 0.496552 0.145690 0.048276 0.050000
1 0.516379 0.168966 0.046552 0.051724
1 0.538793 0.177586 0.053448 0.041379
1 0.571552 0.173276 0.046552 0.036207
1 0.587931 0.150862 0.031034 0.036207
1 0.636207 0.130172 0.037931 0.032759
1 0.632759 0.166379 0.037931 0.032759
1 0.694828 0.128448 0.044828 0.025862
1 0.621552 0.087069 0.050000 0.029310
1 0.691379 0.066379 0.031034 0.039655
1 0.796552 0.206034 0.037931 0.043103
1 0.787069 0.128448 0.043103 0.039655
1 0.844828 0.131034 0.031034 0.037931
1 0.938793 0.257759 0.043103 0.056897
1 0.722414 0.224138 0.037931 0.027586
1 0.718103 0.192241 0.022414 0.029310
1 0.676724 0.200000 0.018966 0.024138
1 0.654310 0.219828 0.039655 0.029310
1 0.593103 0.251724 0.031034 0.024138
1 0.543966 0.235345 0.029310 0.039655
1 0.475000 0.273276 0.032759 0.032759
1 0.431897 0.298276 0.036207 0.041379
1 0.348276 0.294828 0.041379 0.037931
1 0.244828 0.172414 0.037931 0.055172
1 0.206897 0.100000 0.037931 0.044828
1 0.402586 0.362931 0.039655 0.043103
1 0.420690 0.400000 0.034483 0.027586
1 0.564655 0.334483 0.029310 0.037931
1 0.601724 0.339655 0.027586 0.041379
1 0.612931 0.396552 0.036207 0.037931
1 0.792241 0.421552 0.029310 0.043103
1 0.934483 0.437069 0.031034 0.036207
1 0.904310 0.417241 0.039655 0.034483
1 0.879310 0.466379 0.027586 0.029310
1 0.850000 0.480172 0.027586 0.032759
1 0.745690 0.475862 0.039655 0.031034
1 0.650000 0.393966 0.041379 0.053448
1 0.681897 0.518103 0.032759 0.043103
1 0.706034 0.552586 0.046552 0.056897
1 0.718103 0.624138 0.025862 0.041379
1 0.694828 0.622414 0.037931 0.037931
1 0.800000 0.606034 0.037931 0.043103
1 0.865517 0.681034 0.041379 0.044828
1 0.912931 0.652586 0.032759 0.036207
1 0.945690 0.627586 0.032759 0.037931
1 0.871552 0.561207 0.032759 0.036207
1 0.492241 0.411207 0.039655 0.043103
1 0.481897 0.484483 0.043103 0.041379
1 0.422414 0.518966 0.041379 0.051724
1 0.418103 0.485345 0.029310 0.039655
1 0.358621 0.429310 0.031034 0.037931
1 0.314655 0.481034 0.039655 0.024138
1 0.304310 0.451724 0.039655 0.034483
1 0.362069 0.540517 0.034483 0.029310
1 0.306897 0.540517 0.024138 0.039655
1 0.307759 0.580172 0.032759 0.050000
1 0.294828 0.609483 0.044828 0.039655
1 0.271552 0.653448 0.032759 0.034483
1 0.248276 0.687069 0.037931 0.032759
1 0.212931 0.661207 0.036207 0.032759
1 0.237931 0.609483 0.031034 0.032759
1 0.234483 0.572414 0.048276 0.020690
1 0.238793 0.531897 0.039655 0.050000
1 0.144828 0.537931 0.037931 0.024138
1 0.141379 0.562069 0.027586 0.037931
1 0.112069 0.604310 0.034483 0.032759
1 0.070690 0.662069 0.044828 0.037931
1 0.148276 0.681897 0.027586 0.025862
1 0.082759 0.690517 0.048276 0.025862
1 0.156034 0.734483 0.029310 0.027586
1 0.243103 0.789655 0.031034 0.041379
1 0.181897 0.781034 0.043103 0.041379
1 0.183621 0.829310 0.039655 0.037931
1 0.135345 0.869828 0.043103 0.039655
1 0.393966 0.711207 0.036207 0.036207
1 0.366379 0.732759 0.022414 0.048276
1 0.343103 0.736207 0.027586 0.027586
1 0.417241 0.667241 0.041379 0.027586
1 0.393103 0.637069 0.031034 0.032759
1 0.352586 0.664655 0.036207 0.025862
1 0.317241 0.756034 0.031034 0.036207
1 0.297414 0.784483 0.036207 0.041379
1 0.596552 0.543966 0.031034 0.025862
1 0.634483 0.503448 0.027586 0.037931
1 0.595690 0.500000 0.036207 0.027586
1 0.550000 0.499138 0.034483 0.029310
1 0.531034 0.572414 0.041379 0.031034
1 0.471552 0.561207 0.029310 0.029310
1 0.941379 0.062931 0.041379 0.053448
1 0.512069 0.307759 0.031034 0.036207
1 0.645690 0.673276 0.032759 0.046552
1 0.611207 0.609483 0.032759 0.032759
1 0.562069 0.592241 0.037931 0.046552
1 0.475000 0.699138 0.036207 0.039655
1 0.826724 0.718103 0.036207 0.032759
1 0.804310 0.731034 0.043103 0.041379
1 0.869828 0.809483 0.032759 0.032759
1 0.852586 0.918966 0.050000 0.058621
1 0.805172 0.932759 0.041379 0.041379
1 0.690517 0.861207 0.029310 0.036207
1 0.694828 0.819828 0.027586 0.025862
1 0.664655 0.837069 0.032759 0.018966
1 0.663793 0.868966 0.037931 0.027586
1 0.618966 0.905172 0.027586 0.034483
1 0.505172 0.011207 0.031034 0.022414
1 0.623276 0.009483 0.039655 0.018966
1 0.773276 0.824138 0.046552 0.044828
1 0.433621 0.915517 0.046552 0.044828
1 0.586207 0.820690 0.027586 0.034483
1 0.622414 0.774138 0.031034 0.027586
1 0.544828 0.723276 0.051724 0.025862
1 0.681897 0.673276 0.025862 0.036207
1 0.760345 0.787931 0.041379 0.037931
1 0.980172 0.956897 0.036207 0.058621
1 0.294828 0.009483 0.027586 0.018966
1 0.249138 0.947414 0.043103 0.032759
1 0.098276 0.965517 0.041379 0.027586
1 0.211207 0.961207 0.032759 0.029310
1 0.854310 0.868966 0.032759 0.027586