1 0.905172 0.129310 0.024138 0.031034
1 0.924138 0.188793 0.037931 0.029310
1 0.931897 0.210345 0.043103 0.034483
1 0.881034 0.217241 0.017241 0.024138
1 0.844828 0.227586 0.027586 0.031034
1 0.848276 0.272414 0.024138 0.031034
1 0.881897 0.259483 0.032759 0.029310
1 0.911207 0.312069 0.022414 0.017241
1 0.950862 0.375862 0.018966 0.048276
1 0.912931 0.424138 0.032759 0.024138
1 0.947414 0.645690 0.025862 0.043103
1 0.931034 0.669828 0.024138 0.039655
1 0.868966 0.835345 0.027586 0.032759
1 0.866379 0.734483 0.032759 0.034483
1 0.873276 0.650862 0.029310 0.032759
1 0.872414 0.543966 0.027586 0.032759
1 0.838793 0.493966 0.022414 0.050000
1 0.825000 0.539655 0.025862 0.037931
1 0.807759 0.480172 0.025862 0.043103
1 0.768103 0.502586 0.018966 0.022414
1 0.787069 0.379310 0.039655 0.048276
1 0.458621 0.153448 0.031034 0.037931
1 0.420690 0.118966 0.024138 0.027586
1 0.469828 0.090517 0.029310 0.025862
1 0.550862 0.098276 0.029310 0.024138
1 0.324138 0.121552 0.031034 0.018966
1 0.326724 0.082759 0.018966 0.017241
1 0.310345 0.082759 0.041379 0.034483
1 0.195690 0.023276 0.050000 0.046552
1 0.117241 0.051724 0.027586 0.037931
1 0.082759 0.075000 0.031034 0.050000
1 0.124138 0.143103 0.027586 0.041379
1 0.135345 0.205172 0.025862 0.031034
1 0.160345 0.213793 0.020690 0.037931
1 0.209483 0.193103 0.032759 0.024138
1 0.326724 0.222414 0.025862 0.024138
1 0.359483 0.185345 0.036207 0.018966
1 0.329310 0.306897 0.031034 0.024138
1 0.366379 0.300862 0.043103 0.032759
1 0.431034 0.312931 0.034483 0.029310
1 0.425862 0.341379 0.034483 0.027586
1 0.440517 0.368966 0.039655 0.027586
1 0.475000 0.498276 0.036207 0.034483
1 0.504310 0.529310 0.018966 0.020690
1 0.122414 0.524138 0.020690 0.013793
1 0.046552 0.404310 0.027586 0.036207
1 0.081034 0.430172 0.020690 0.039655
1 0.092241 0.491379 0.018966 0.027586
1 0.115517 0.506897 0.027586 0.027586
1 0.083621 0.558621 0.032759 0.031034
1 0.056034 0.588793 0.025862 0.036207
1 0.266379 0.663793 0.032759 0.031034
1 0.350862 0.683621 0.039655 0.043103
1 0.487931 0.577586 0.034483 0.041379
1 0.434483 0.613793 0.048276 0.034483
1 0.498276 0.638793 0.031034 0.032759
1 0.521552 0.505172 0.025862 0.027586
1 0.492241 0.431034 0.046552 0.041379
1 0.530172 0.426724 0.053448 0.043103
1 0.575000 0.391379 0.039655 0.041379
1 0.577586 0.303448 0.024138 0.024138
1 0.653448 0.205172 0.027586 0.020690
1 0.671552 0.183621 0.018966 0.018966
1 0.683621 0.471552 0.025862 0.029310
1 0.746552 0.338793 0.027586 0.018966
1 0.750862 0.244828 0.022414 0.020690
1 0.791379 0.201724 0.041379 0.027586
1 0.795690 0.075000 0.039655 0.036207
1 0.721552 0.071552 0.032759 0.039655
1 0.665517 0.064655 0.031034 0.022414
1 0.640517 0.071552 0.018966 0.018966
1 0.591379 0.726724 0.034483 0.025862
1 0.328448 0.816379 0.036207 0.046552
1 0.189655 0.832759 0.041379 0.034483
1 0.153448 0.895690 0.037931 0.032759
1 0.110345 0.840517 0.034483 0.022414
1 0.072414 0.825862 0.034483 0.027586
1 0.074138 0.715517 0.024138 0.024138
1 0.103448 0.711207 0.034483 0.025862
1 0.069828 0.647414 0.022414 0.029310
1 0.133621 0.602586 0.032759 0.036207
1 0.200000 0.344828 0.017241 0.024138
1 0.051724 0.137931 0.027586 0.020690
1 0.629310 0.797414 0.034483 0.029310
1 0.621552 0.876724 0.022414 0.043103
1 0.690517 0.892241 0.025862 0.046552
1 0.669828 0.929310 0.029310 0.037931
1 0.576724 0.935345 0.046552 0.032759
1 0.456034 0.949138 0.039655 0.036207
1 0.520690 0.903448 0.034483 0.027586
1 0.521552 0.940517 0.032759 0.036207
1 0.370690 0.862069 0.027586 0.027586
1 0.360345 0.922414 0.037931 0.037931
1 0.395690 0.943103 0.029310 0.027586
1 0.831034 0.082759 0.037931 0.031034
1 0.637069 0.339655 0.029310 0.034483
1 0.660345 0.325862 0.037931 0.037931
1 0.703448 0.375862 0.037931 0.034483
1 0.626724 0.412931 0.018966 0.032759
1 0.611207 0.498276 0.029310 0.034483
1 0.648276 0.587069 0.037931 0.046552
1 0.685345 0.596552 0.025862 0.041379
1 0.719828 0.607759 0.029310 0.032759
1 0.345690 0.436207 0.029310 0.027586
1 0.407759 0.428448 0.036207 0.032759
1 0.309483 0.435345 0.032759 0.043103
1 0.380172 0.537931 0.036207 0.048276
1 0.368103 0.587931 0.036207 0.041379
1 0.331034 0.564655 0.034483 0.036207
1 0.035345 0.156034 0.025862 0.036207
1 0.031034 0.058621 0.027586 0.020690
1 0.217241 0.152586 0.027586 0.025862
1 0.293103 0.166379 0.041379 0.025862
1 0.565517 0.232759 0.031034 0.024138
1 0.605172 0.269828 0.031034 0.025862
1 0.642241 0.232759 0.029310 0.024138
1 0.607759 0.187931 0.022414 0.031034
1 0.626724 0.135345 0.039655 0.046552