1 0.027586 0.113793 0.055172 0.041379
1 0.087069 0.047414 0.050000 0.046552
1 0.276724 0.014655 0.039655 0.029310
1 0.596552 0.023276 0.037931 0.043103
1 0.662069 0.086207 0.037931 0.037931
1 0.671552 0.134483 0.039655 0.034483
1 0.697414 0.105172 0.039655 0.027586
1 0.898276 0.079310 0.037931 0.031034
1 0.949138 0.090517 0.025862 0.032759
1 0.843103 0.148276 0.041379 0.034483
1 0.906897 0.171552 0.037931 0.043103
1 0.872414 0.243103 0.048276 0.020690
1 0.827586 0.255172 0.034483 0.048276
1 0.765517 0.353448 0.037931 0.037931
1 0.737931 0.266379 0.034483 0.060345
1 0.706897 0.287069 0.034483 0.032759
1 0.697414 0.217241 0.046552 0.041379
1 0.624138 0.206034 0.041379 0.029310
1 0.620690 0.177586 0.041379 0.055172
1 0.636207 0.142241 0.024138 0.032759
1 0.478448 0.150862 0.050000 0.025862
1 0.468966 0.122414 0.024138 0.041379
1 0.451724 0.156897 0.027586 0.044828
1 0.391379 0.027586 0.034483 0.031034
1 0.134483 0.187069 0.031034 0.018966
1 0.133621 0.214655 0.025862 0.032759
1 0.056897 0.200862 0.037931 0.039655
1 0.072414 0.239655 0.031034 0.024138
1 0.062931 0.275000 0.029310 0.032759
1 0.210345 0.379310 0.044828 0.037931
1 0.103448 0.308621 0.031034 0.041379
1 0.030172 0.417241 0.029310 0.024138
1 0.037069 0.354310 0.025862 0.039655
1 0.021552 0.532759 0.043103 0.020690
1 0.099138 0.423276 0.053448 0.046552
1 0.155172 0.556034 0.041379 0.036207
1 0.073276 0.662931 0.039655 0.039655
1 0.035345 0.639655 0.060345 0.044828
1 0.063793 0.699138 0.031034 0.046552
1 0.101724 0.698276 0.051724 0.027586
1 0.106034 0.727586 0.025862 0.041379
1 0.072414 0.734483 0.031034 0.034483
1 0.010345 0.709483 0.020690 0.046552
1 0.014655 0.779310 0.029310 0.041379
1 0.078448 0.843966 0.032759 0.060345
1 0.154310 0.826724 0.029310 0.032759
1 0.145690 0.867241 0.018966 0.044828
1 0.116379 0.875862 0.043103 0.041379
1 0.187069 0.886207 0.032759 0.020690
1 0.202586 0.919828 0.036207 0.050000
1 0.152586 0.925000 0.046552 0.039655
1 0.202586 0.852586 0.032759 0.032759
1 0.262931 0.887931 0.025862 0.048276
1 0.286207 0.949138 0.037931 0.039655
1 0.372414 0.928448 0.031034 0.029310
1 0.341379 0.922414 0.031034 0.031034
1 0.332759 0.900862 0.037931 0.025862
1 0.336207 0.807759 0.041379 0.050000
1 0.377586 0.824138 0.031034 0.031034
1 0.337931 0.768966 0.027586 0.037931
1 0.362069 0.735345 0.034483 0.053448
1 0.220690 0.725000 0.031034 0.029310
1 0.193103 0.697414 0.048276 0.029310
1 0.148276 0.733621 0.031034 0.032759
1 0.203448 0.584483 0.037931 0.027586
1 0.268103 0.543103 0.022414 0.037931
1 0.176724 0.299138 0.039655 0.053448
1 0.280172 0.160345 0.043103 0.041379
1 0.321552 0.213793 0.029310 0.037931
1 0.269828 0.309483 0.029310 0.046552
1 0.290517 0.493103 0.029310 0.041379
1 0.293966 0.583621 0.032759 0.032759
1 0.304310 0.617241 0.032759 0.034483
1 0.251724 0.684483 0.031034 0.031034
1 0.389655 0.664655 0.048276 0.046552
1 0.528448 0.662931 0.043103 0.043103
1 0.561207 0.705172 0.032759 0.034483
1 0.535345 0.696552 0.032759 0.031034
1 0.553448 0.840517 0.027586 0.022414
1 0.546552 0.819828 0.027586 0.018966
1 0.528448 0.859483 0.025862 0.032759
1 0.500862 0.851724 0.018966 0.024138
1 0.454310 0.887931 0.053448 0.017241
1 0.446552 0.825000 0.031034 0.043103
1 0.453448 0.756034 0.031034 0.029310
1 0.528448 0.905172 0.043103 0.031034
1 0.550862 0.938793 0.039655 0.032759
1 0.615517 0.986207 0.034483 0.027586
1 0.632759 0.917241 0.031034 0.034483
1 0.661207 0.950862 0.025862 0.029310
1 0.610345 0.874138 0.037931 0.031034
1 0.602586 0.771552 0.018966 0.039655
1 0.586207 0.774138 0.020690 0.034483
1 0.777586 0.925862 0.020690 0.031034
1 0.779310 0.819828 0.034483 0.056897
1 0.892241 0.957759 0.060345 0.043103
1 0.916379 0.876724 0.032759 0.046552
1 0.967241 0.809483 0.037931 0.032759
1 0.969828 0.767241 0.060344 0.044828
1 0.887069 0.781034 0.029310 0.041379
1 0.855172 0.803448 0.020690 0.051724
1 0.824138 0.797414 0.020690 0.036207
1 0.873276 0.742241 0.025862 0.039655
1 0.835345 0.732759 0.029310 0.037931
1 0.354310 0.423276 0.036207 0.039655
1 0.378448 0.408621 0.032759 0.041379
1 0.384483 0.357759 0.024138 0.029310
1 0.388793 0.298276 0.039655 0.024138
1 0.412069 0.314655 0.034483 0.039655
1 0.470690 0.328448 0.031034 0.032759
1 0.417241 0.445690 0.037931 0.043103
1 0.520690 0.393103 0.024138 0.031034
1 0.546552 0.322414 0.027586 0.024138
1 0.625862 0.255172 0.027586 0.031034
1 0.515517 0.236207 0.034483 0.034483
1 0.490517 0.243966 0.036207 0.032759
1 0.037931 0.023276 0.027586 0.046552
1 0.691379 0.572414 0.027586 0.041379
1 0.828448 0.504310 0.032759 0.032759
1 0.835345 0.587069 0.032759 0.032759
1 0.806034 0.597414 0.018966 0.043103
1 0.777586 0.599138 0.031034 0.046552
1 0.794828 0.656897 0.037931 0.027586
1 0.881034 0.694828 0.034483 0.024138
1 0.936207 0.633621 0.034483 0.025862
1 0.977586 0.676724 0.024138 0.039655
1 0.976724 0.740517 0.022414 0.032759
1 0.585345 0.550000 0.032759 0.041379
1 0.629310 0.575862 0.041379 0.031034
1 0.642241 0.556897 0.029310 0.037931
1 0.629310 0.534483 0.031034 0.044828
1 0.629310 0.481034 0.031034 0.027586
1 0.600000 0.475862 0.034483 0.034483
1 0.586207 0.460345 0.041379 0.031034
1 0.570690 0.411207 0.031034 0.043103
1 0.519828 0.474138 0.029310 0.037931
1 0.427586 0.506897 0.041379 0.031034
1 0.427586 0.540517 0.034483 0.032759
1 0.394828 0.572414 0.034483 0.037931
1 0.353448 0.506897 0.044828 0.041379
1 0.321552 0.479310 0.025862 0.051724
1 0.883621 0.393966 0.018966 0.039655
1 0.859483 0.413793 0.039655 0.024138
1 0.829310 0.363793 0.037931 0.034483
1 0.917241 0.328448 0.031034 0.043103
1 0.951724 0.376724 0.027586 0.032759
1 0.893966 0.476724 0.029310 0.025862
1 0.883621 0.446552 0.043103 0.027586
1 0.763793 0.518966 0.034483 0.051724
1 0.877586 0.525862 0.034483 0.041379
1 0.728448 0.397414 0.039655 0.046552
1 0.654310 0.360345 0.039655 0.048276
1 0.975862 0.241379 0.024138 0.034483
1 0.985345 0.271552 0.022414 0.032759
1 0.939655 0.181034 0.034483 0.031034
1 0.607759 0.640517 0.046552 0.050000
1 0.662931 0.719828 0.036207 0.053448
1 0.730172 0.915517 0.032759 0.051724
1 0.745690 0.732759 0.025862 0.027586
1 0.725862 0.693966 0.027586 0.039655
1 0.981034 0.585345 0.034483 0.029310
1 0.475000 0.584483 0.043103 0.031034
1 0.174138 0.750000 0.044828 0.041379
1 0.675000 0.512931 0.036207 0.036207
1 0.672414 0.467241 0.034483 0.041379
1 0.673276 0.422414 0.022414 0.041379
1 0.797414 0.306897 0.036207 0.027586
1 0.987931 0.480172 0.024138 0.053448