1 0.320690 0.429310 0.041379 0.044828
1 0.212931 0.059483 0.060345 0.050000
1 0.272414 0.086207 0.037931 0.055172
1 0.627586 0.200862 0.055172 0.043103
1 0.831897 0.262931 0.039655 0.032759
1 0.948276 0.256897 0.037931 0.024138
1 0.941379 0.227586 0.048276 0.037931
1 0.950862 0.445690 0.032759 0.032759
1 0.925000 0.497414 0.046552 0.046552
1 0.927586 0.545690 0.034483 0.039655
1 0.925862 0.660345 0.037931 0.037931
1 0.353448 0.804310 0.048276 0.032759
1 0.211207 0.830172 0.043103 0.039655
1 0.178448 0.492241 0.039655 0.032759
1 0.732759 0.783621 0.044828 0.060345
1 0.964655 0.843966 0.025862 0.036207
1 0.090517 0.435345 0.060345 0.046552
1 0.253448 0.319828 0.058621 0.025862
1 0.305172 0.292241 0.037931 0.043103
1 0.578448 0.153448 0.050000 0.041379
1 0.700000 0.145690 0.048276 0.039655
1 0.699138 0.181034 0.032759 0.041379
1 0.948276 0.153448 0.034483 0.034483
1 0.745690 0.340517 0.053448 0.039655
1 0.587069 0.503448 0.043103 0.034483
1 0.570690 0.559483 0.041379 0.036207
1 0.525862 0.733621 0.055172 0.046552
1 0.557759 0.827586 0.032759 0.037931
1 0.558621 0.930172 0.044828 0.043103
1 0.121552 0.649138 0.039655 0.039655
1 0.427586 0.396552 0.041379 0.051724
1 0.461207 0.366379 0.039655 0.046552
1 0.500000 0.198276 0.044828 0.037931
1 0.431897 0.207759 0.036207 0.032759