1 0.181034 0.125000 0.034483 0.025862
1 0.153448 0.151724 0.048276 0.031034
1 0.244828 0.110345 0.044828 0.027586
1 0.247414 0.138793 0.036207 0.032759
1 0.297414 0.094828 0.043103 0.044828
1 0.491379 0.041379 0.031034 0.020690
1 0.518966 0.040517 0.031034 0.025862
1 0.673276 0.040517 0.032759 0.029310
1 0.759483 0.041379 0.032759 0.031034
1 0.697414 0.079310 0.036207 0.027586
1 0.620690 0.106897 0.020690 0.024138
1 0.590517 0.175862 0.032759 0.031034
1 0.479310 0.250862 0.037931 0.032759
1 0.425000 0.280172 0.036207 0.043103
1 0.371552 0.295690 0.039655 0.046552
1 0.303448 0.325862 0.034483 0.031034
1 0.702586 0.404310 0.060345 0.070690
1 0.775862 0.354310 0.031034 0.032759
1 0.925000 0.359483 0.036207 0.036207
1 0.678448 0.463793 0.032759 0.024138
1 0.608621 0.475862 0.034483 0.027586
1 0.494828 0.474138 0.027586 0.041379
1 0.472414 0.575000 0.041379 0.039655
1 0.837069 0.604310 0.029310 0.039655
1 0.706034 0.593966 0.032759 0.032759
1 0.764655 0.545690 0.025862 0.025862
1 0.893966 0.488793 0.025862 0.043103
1 0.922414 0.462931 0.031034 0.043103
1 0.408621 0.130172 0.034483 0.036207
1 0.432759 0.133621 0.024138 0.029310
1 0.480172 0.090517 0.025862 0.025862
1 0.519828 0.098276 0.032759 0.024138
1 0.424138 0.431897 0.051724 0.036207
1 0.380172 0.625000 0.036207 0.022414
1 0.487931 0.650000 0.034483 0.044828
1 0.523276 0.637069 0.032759 0.032759
1 0.587069 0.717241 0.046552 0.034483
1 0.739655 0.726724 0.031034 0.039655
1 0.525000 0.793966 0.025862 0.018966
1 0.479310 0.784483 0.024138 0.031034