1 0.206897 0.060345 0.037931 0.051724
1 0.411207 0.026724 0.036207 0.029310
1 0.525862 0.046552 0.034483 0.031034
1 0.597414 0.087931 0.043103 0.041379
1 0.609483 0.151724 0.032759 0.041379
1 0.532759 0.119828 0.037931 0.036207
1 0.523276 0.183621 0.046552 0.036207
1 0.650000 0.268966 0.034483 0.037931
1 0.814655 0.632759 0.036207 0.037931
1 0.417241 0.694828 0.031034 0.034483
1 0.258621 0.604310 0.041379 0.036207
1 0.851724 0.153448 0.034483 0.037931
1 0.693966 0.269828 0.039655 0.036207
1 0.371552 0.276724 0.032759 0.050000
1 0.173276 0.272414 0.029310 0.062069
1 0.206034 0.300862 0.036207 0.046552
1 0.176724 0.392241 0.029310 0.046552
1 0.197414 0.468103 0.043103 0.039655
1 0.183621 0.514655 0.043103 0.043103
1 0.154310 0.607759 0.032759 0.046552
1 0.170690 0.658621 0.037931 0.041379
1 0.200000 0.725000 0.037931 0.032759
1 0.278448 0.752586 0.039655 0.029310
1 0.342241 0.739655 0.036207 0.034483
1 0.374138 0.760345 0.037931 0.031034
1 0.483621 0.747414 0.032759 0.022414
1 0.519828 0.718966 0.029310 0.034483
1 0.567241 0.658621 0.027586 0.037931
1 0.505172 0.676724 0.034483 0.032759
1 0.471552 0.489655 0.029310 0.037931
1 0.395690 0.456034 0.032759 0.025862
1 0.344828 0.462069 0.024138 0.027586
1 0.264655 0.381034 0.029310 0.031034