1 0.614655 0.200862 0.053448 0.050000
1 0.756034 0.289655 0.043103 0.041379
1 0.939655 0.365517 0.027586 0.024138
1 0.973276 0.298276 0.029310 0.037931
1 0.915517 0.264655 0.031034 0.039655
1 0.900000 0.215517 0.031034 0.037931
1 0.847414 0.194828 0.025862 0.034483
1 0.821552 0.252586 0.050000 0.029310
1 0.743103 0.200862 0.034483 0.022414
1 0.738793 0.237069 0.025862 0.029310
1 0.700862 0.254310 0.046552 0.039655
1 0.600000 0.294828 0.044828 0.037931
1 0.564655 0.305172 0.025862 0.024138
1 0.448276 0.350000 0.037931 0.027586
1 0.477586 0.360345 0.037931 0.034483
1 0.517241 0.359483 0.055172 0.039655
1 0.518966 0.403448 0.037931 0.044828
1 0.494828 0.436207 0.031034 0.044828
1 0.491379 0.500000 0.034483 0.041379
1 0.521552 0.600000 0.043103 0.048276
1 0.822414 0.832759 0.044828 0.041379
1 0.735345 0.783621 0.046552 0.039655
1 0.560345 0.821552 0.037931 0.029310
1 0.443103 0.792241 0.048276 0.039655
1 0.350000 0.798276 0.048276 0.034483
1 0.183621 0.852586 0.050000 0.029310
1 0.200000 0.813793 0.031034 0.037931
1 0.481897 0.979310 0.050000 0.031034
1 0.719828 0.910345 0.043103 0.024138
1 0.818966 0.900000 0.051724 0.048276
1 0.250862 0.406897 0.039655 0.041379
1 0.312069 0.423276 0.044828 0.039655
1 0.428448 0.384483 0.029310 0.034483
1 0.481897 0.181034 0.036207 0.037931
1 0.826724 0.045690 0.029310 0.036207
1 0.756034 0.093966 0.043103 0.025862
1 0.606897 0.118966 0.024138 0.027586
1 0.040517 0.156034 0.039655 0.046552