1 0.152586 0.135345 0.029310 0.029310
1 0.278448 0.082759 0.036207 0.031034
1 0.342241 0.121552 0.025862 0.025862
1 0.370690 0.115517 0.041379 0.027586
1 0.453448 0.194828 0.041379 0.027586
1 0.536207 0.178448 0.034483 0.032759
1 0.700862 0.250000 0.039655 0.031034
1 0.783621 0.266379 0.053448 0.029310
1 0.791379 0.245690 0.027586 0.029310
1 0.839655 0.205172 0.044828 0.031034
1 0.909483 0.221552 0.039655 0.029310
1 0.753448 0.331034 0.031034 0.024138
1 0.737931 0.420690 0.031034 0.034483
1 0.739655 0.456897 0.031034 0.037931
1 0.815517 0.445690 0.037931 0.032759
1 0.845690 0.539655 0.029310 0.020690
1 0.835345 0.608621 0.039655 0.034483
1 0.901724 0.735345 0.024138 0.029310
1 0.881034 0.939655 0.037931 0.017241
1 0.755172 0.906897 0.041379 0.017241
1 0.612069 0.850000 0.024138 0.013793
1 0.597414 0.819828 0.025862 0.022414
1 0.553448 0.822414 0.024138 0.024138
1 0.457759 0.825862 0.029310 0.027586
1 0.399138 0.862931 0.032759 0.032759
1 0.322414 0.882759 0.027586 0.017241
1 0.103448 0.734483 0.037931 0.020690
1 0.077586 0.633621 0.034483 0.032759
1 0.190517 0.467241 0.022414 0.027586
1 0.268103 0.484483 0.036207 0.041379
1 0.412931 0.386207 0.022414 0.017241
1 0.530172 0.289655 0.029310 0.027586
1 0.567241 0.458621 0.031034 0.034483
1 0.517241 0.442241 0.027586 0.022414
1 0.858621 0.479310 0.034483 0.034483
1 0.920690 0.413793 0.037931 0.037931
1 0.948276 0.518103 0.024138 0.039655
1 0.653448 0.677586 0.031034 0.034483
1 0.687931 0.631897 0.044828 0.032759
1 0.474138 0.575000 0.037931 0.025862
1 0.610345 0.549138 0.031034 0.032759