1 0.530172 0.349138 0.032759 0.036207
1 0.554310 0.438793 0.046552 0.025862
1 0.518966 0.562931 0.034483 0.032759
1 0.608621 0.625862 0.041379 0.031034
1 0.628448 0.751724 0.039655 0.024138
1 0.723276 0.858621 0.039655 0.024138
1 0.758621 0.786207 0.027586 0.037931
1 0.793103 0.773276 0.027586 0.025862
1 0.923276 0.631897 0.039655 0.032759
1 0.924138 0.540517 0.031034 0.032759
1 0.813793 0.480172 0.034483 0.025862
1 0.837931 0.451724 0.027586 0.027586
1 0.931897 0.451724 0.029310 0.027586
1 0.884483 0.340517 0.037931 0.029310
1 0.803448 0.378448 0.034483 0.025862
1 0.756897 0.392241 0.024138 0.029310
1 0.750862 0.180172 0.029310 0.036207
1 0.744828 0.100000 0.027586 0.017241
1 0.609483 0.357759 0.039655 0.036207
1 0.668103 0.366379 0.032759 0.032759
1 0.543966 0.211207 0.032759 0.039655
1 0.564655 0.091379 0.036207 0.034483
1 0.526724 0.143103 0.043103 0.037931
1 0.500000 0.046552 0.024138 0.031034
1 0.462931 0.084483 0.029310 0.024138
1 0.421552 0.098276 0.022414 0.027586
1 0.392241 0.111207 0.029310 0.025862
1 0.353448 0.090517 0.034483 0.029310
1 0.397414 0.043103 0.032759 0.031034
1 0.290517 0.098276 0.036207 0.037931
1 0.295690 0.160345 0.029310 0.034483
1 0.310345 0.209483 0.034483 0.043103
1 0.439655 0.386207 0.031034 0.031034
1 0.447414 0.278448 0.029310 0.029310
1 0.253448 0.177586 0.017241 0.027586
1 0.205172 0.161207 0.027586 0.025862
1 0.157759 0.190517 0.046552 0.043103
1 0.133621 0.231897 0.032759 0.032759
1 0.072414 0.113793 0.037931 0.034483