1 0.935345 0.175862 0.050000 0.048276
1 0.906897 0.037069 0.027586 0.029310
1 0.840517 0.136207 0.050000 0.037931
1 0.837069 0.189655 0.025862 0.024138
1 0.756897 0.177586 0.031034 0.020690
1 0.724138 0.149138 0.034483 0.032759
1 0.487069 0.415517 0.056897 0.051724
1 0.475000 0.528448 0.043103 0.050000
1 0.606034 0.651724 0.046552 0.055172
1 0.493103 0.710345 0.048276 0.065517
1 0.404310 0.731034 0.060345 0.048276
1 0.349138 0.554310 0.039655 0.056897
1 0.291379 0.510345 0.024138 0.055172
1 0.246552 0.543103 0.044828 0.048276
1 0.723276 0.950862 0.039655 0.046552
1 0.830172 0.625000 0.036207 0.043103
1 0.835345 0.666379 0.046552 0.039655
1 0.982759 0.610345 0.034482 0.051724
1 0.533621 0.105172 0.050000 0.037931
1 0.596552 0.054310 0.031034 0.036207
1 0.654310 0.051724 0.029310 0.031034
1 0.668103 0.086207 0.032759 0.037931
1 0.756897 0.075000 0.027586 0.039655
1 0.657759 0.280172 0.036207 0.056897
1 0.706897 0.292241 0.034483 0.046552
1 0.742241 0.314655 0.036207 0.039655
1 0.782759 0.275862 0.024138 0.037931
1 0.815517 0.263793 0.031034 0.034483
1 0.841379 0.276724 0.031034 0.039655
1 0.892241 0.252586 0.029310 0.046552
1 0.818103 0.460345 0.032759 0.044828
1 0.853448 0.462931 0.027586 0.032759
1 0.782759 0.460345 0.031034 0.031034
1 0.788793 0.502586 0.036207 0.032759
1 0.757759 0.437931 0.029310 0.034483
1 0.824138 0.399138 0.034483 0.029310
1 0.390517 0.294828 0.039655 0.031034
1 0.285345 0.668103 0.043103 0.036207
1 0.306897 0.713793 0.027586 0.037931
1 0.319828 0.778448 0.025862 0.036207
1 0.316379 0.825862 0.032759 0.037931
1 0.141379 0.626724 0.034483 0.043103
1 0.089655 0.610345 0.034483 0.027586