1 0.677586 0.048276 0.041379 0.041379
1 0.695690 0.088793 0.032759 0.039655
1 0.666379 0.096552 0.029310 0.044828
1 0.732759 0.238793 0.041379 0.060345
1 0.752586 0.154310 0.032759 0.043103
1 0.876724 0.115517 0.029310 0.024138
1 0.869828 0.094828 0.029310 0.034483
1 0.937069 0.086207 0.025862 0.037931
1 0.954310 0.118966 0.029310 0.037931
1 0.979310 0.206034 0.034483 0.046552
1 0.986207 0.352586 0.024138 0.050000
1 0.946552 0.331897 0.037931 0.039655
1 0.875862 0.276724 0.041379 0.043103
1 0.931897 0.248276 0.032759 0.034483
1 0.913793 0.219828 0.027586 0.039655
1 0.935345 0.204310 0.025862 0.039655
1 0.844828 0.228448 0.031034 0.032759
1 0.820690 0.173276 0.031034 0.036207
1 0.813793 0.115517 0.031034 0.044828
1 0.794828 0.009483 0.044828 0.018966
1 0.788793 0.260345 0.036207 0.034483
1 0.799138 0.357759 0.036207 0.032759
1 0.825862 0.425862 0.055172 0.037931
1 0.887931 0.459483 0.034483 0.029310
1 0.862931 0.479310 0.032759 0.037931
1 0.881034 0.526724 0.031034 0.025862
1 0.925862 0.570690 0.034483 0.034483
1 0.918966 0.650000 0.031034 0.027586
1 0.902586 0.628448 0.032759 0.039655
1 0.930172 0.724138 0.036207 0.037931
1 0.854310 0.647414 0.036207 0.043103
1 0.807759 0.653448 0.032759 0.037931
1 0.862931 0.559483 0.039655 0.025862
1 0.819828 0.542241 0.039655 0.046552
1 0.793966 0.508621 0.050000 0.055172
1 0.682759 0.452586 0.041379 0.036207
1 0.725000 0.359483 0.032759 0.032759
1 0.687069 0.343103 0.036207 0.044828
1 0.670690 0.232759 0.034483 0.027586
1 0.680172 0.201724 0.036207 0.037931
1 0.693103 0.158621 0.024138 0.037931
1 0.714655 0.140517 0.029310 0.046552
1 0.921552 0.374138 0.032759 0.031034
1 0.625000 0.525862 0.032759 0.027586
1 0.753448 0.650000 0.034483 0.051724
1 0.657759 0.801724 0.039655 0.041379
1 0.630172 0.631897 0.032759 0.025862
1 0.590517 0.588793 0.029310 0.043103
1 0.569828 0.570690 0.032759 0.034483
1 0.627586 0.482759 0.031034 0.034483
1 0.679310 0.425000 0.031034 0.032759
1 0.660345 0.372414 0.027586 0.051724
1 0.611207 0.372414 0.025862 0.034483
1 0.633621 0.340517 0.046552 0.039655
1 0.633621 0.133621 0.029310 0.043103
1 0.595690 0.131034 0.039655 0.055172
1 0.561207 0.183621 0.032759 0.039655
1 0.531897 0.246552 0.039655 0.034483
1 0.561207 0.290517 0.025862 0.029310
1 0.543966 0.306034 0.036207 0.032759
1 0.502586 0.259483 0.025862 0.032759
1 0.517241 0.197414 0.031034 0.029310
1 0.467241 0.912069 0.044828 0.048276
1 0.423276 0.887069 0.032759 0.043103
1 0.444828 0.828448 0.027586 0.050000
1 0.401724 0.840517 0.034483 0.039655
1 0.367241 0.857759 0.031034 0.039655
1 0.375000 0.811207 0.046552 0.039655
1 0.368966 0.762931 0.037931 0.039655
1 0.425862 0.738793 0.031034 0.029310
1 0.387931 0.732759 0.024138 0.037931
1 0.423276 0.698276 0.039655 0.034483
1 0.543103 0.681897 0.037931 0.029310
1 0.486207 0.650000 0.034483 0.027586
1 0.415517 0.334483 0.031034 0.037931
1 0.473276 0.300000 0.036207 0.031034
1 0.565517 0.477586 0.027586 0.037931
1 0.560345 0.398276 0.020690 0.031034
1 0.537931 0.400000 0.037931 0.044828
1 0.514655 0.362069 0.046552 0.034483
1 0.478448 0.393103 0.029310 0.037931
1 0.377586 0.377586 0.037931 0.024138
1 0.377586 0.473276 0.037931 0.036207
1 0.436207 0.501724 0.044828 0.027586
1 0.450000 0.588793 0.031034 0.039655
1 0.364655 0.606034 0.029310 0.029310
1 0.344828 0.641379 0.037931 0.024138
1 0.344828 0.684483 0.037931 0.031034
1 0.362069 0.697414 0.037931 0.032759
1 0.245690 0.850862 0.032759 0.046552
1 0.332759 0.938793 0.037931 0.043103
1 0.307759 0.959483 0.032759 0.046552
1 0.551724 0.886207 0.037931 0.044828
1 0.654310 0.962931 0.043103 0.039655
1 0.836207 0.864655 0.037931 0.043103
1 0.883621 0.927586 0.043103 0.065517
1 0.196552 0.893103 0.037931 0.048276
1 0.150000 0.851724 0.044828 0.037931
1 0.102586 0.875862 0.036207 0.034483
1 0.113793 0.819828 0.020690 0.032759
1 0.097414 0.818103 0.025862 0.039655
1 0.080172 0.800862 0.036207 0.029310
1 0.033621 0.775000 0.046552 0.050000
1 0.240517 0.775862 0.036207 0.031034
1 0.196552 0.754310 0.031034 0.043103
1 0.301724 0.577586 0.041379 0.041379
1 0.333621 0.553448 0.032759 0.044828
1 0.260345 0.607759 0.037931 0.029310
1 0.233621 0.957759 0.043103 0.036207
1 0.114655 0.667241 0.039655 0.037931
1 0.156034 0.634483 0.032759 0.044828
1 0.207759 0.612931 0.022414 0.036207
1 0.224138 0.586207 0.031034 0.034483
1 0.200000 0.521552 0.034483 0.053448
1 0.154310 0.535345 0.022414 0.036207
1 0.121552 0.550862 0.036207 0.039655
1 0.041379 0.606897 0.034483 0.024138
1 0.011207 0.614655 0.015517 0.043103
1 0.018966 0.532759 0.027586 0.034483
1 0.134483 0.501724 0.024138 0.027586
1 0.150862 0.461207 0.039655 0.025862
1 0.143103 0.418103 0.027586 0.029310
1 0.121552 0.433621 0.029310 0.025862
1 0.099138 0.443103 0.036207 0.031034
1 0.051724 0.459483 0.024138 0.032759
1 0.032759 0.437069 0.031034 0.025862
1 0.100862 0.404310 0.036207 0.029310
1 0.099138 0.357759 0.039655 0.039655
1 0.121552 0.335345 0.043103 0.032759
1 0.158621 0.320690 0.031034 0.031034
1 0.231034 0.391379 0.031034 0.031034
1 0.515517 0.483621 0.027586 0.036207
1 0.335345 0.407759 0.029310 0.036207
1 0.308621 0.384483 0.041379 0.041379
1 0.283621 0.368103 0.036207 0.032759
1 0.316379 0.294828 0.043103 0.037931
1 0.354310 0.228448 0.039655 0.036207
1 0.431897 0.213793 0.029310 0.027586
1 0.416379 0.284483 0.032759 0.034483
1 0.395690 0.309483 0.032759 0.032759
1 0.237931 0.243966 0.034483 0.022414
1 0.200862 0.229310 0.036207 0.024138
1 0.212931 0.282759 0.025862 0.020690
1 0.176724 0.259483 0.046552 0.029310
1 0.231034 0.326724 0.041379 0.036207
1 0.094828 0.269828 0.034483 0.022414
1 0.082759 0.243966 0.037931 0.036207
1 0.037931 0.287069 0.034483 0.029310
1 0.014655 0.241379 0.029310 0.031034
1 0.034483 0.168966 0.034483 0.037931
1 0.047414 0.140517 0.032759 0.050000
1 0.106034 0.075862 0.043103 0.031034
1 0.211207 0.091379 0.043103 0.024138
1 0.252586 0.075862 0.039655 0.034483
1 0.211207 0.066379 0.029310 0.036207
1 0.350000 0.056897 0.037931 0.034483
1 0.397414 0.052586 0.029310 0.029310
1 0.377586 0.034483 0.027586 0.027586
1 0.393103 0.081897 0.031034 0.036207
1 0.362931 0.093103 0.036207 0.027586
1 0.365517 0.130172 0.037931 0.036207
1 0.463793 0.157759 0.041379 0.032759
1 0.496552 0.071552 0.037931 0.036207
1 0.269828 0.112069 0.039655 0.037931
1 0.148276 0.165517 0.034483 0.031034
1 0.093103 0.214655 0.031034 0.032759
1 0.095690 0.147414 0.032759 0.050000
1 0.033621 0.056034 0.039655 0.036207
1 0.267241 0.306034 0.031034 0.050000