1 0.175862 0.177586 0.037931 0.055172
1 0.212069 0.151724 0.051724 0.041379
1 0.312931 0.166379 0.046552 0.050000
1 0.266379 0.192241 0.032759 0.043103
1 0.398276 0.042241 0.031034 0.039655
1 0.372414 0.052586 0.034483 0.029310
1 0.264655 0.033621 0.029310 0.032759
1 0.179310 0.089655 0.034483 0.034483
1 0.087069 0.037069 0.039655 0.039655
1 0.023276 0.141379 0.039655 0.037931
1 0.107759 0.243103 0.056897 0.048276
1 0.110345 0.310345 0.048276 0.048276
1 0.114655 0.356034 0.053448 0.036207
1 0.294828 0.351724 0.048276 0.051724
1 0.308621 0.301724 0.034483 0.037931
1 0.282759 0.267241 0.037931 0.037931
1 0.363793 0.248276 0.024138 0.027586
1 0.364655 0.219828 0.018966 0.029310
1 0.331897 0.239655 0.029310 0.027586
1 0.493966 0.160345 0.029310 0.041379
1 0.518103 0.191379 0.029310 0.024138
1 0.523276 0.165517 0.032759 0.034483
1 0.548276 0.166379 0.031034 0.032759
1 0.556034 0.093103 0.039655 0.041379
1 0.702586 0.033621 0.029310 0.036207
1 0.724138 0.030172 0.027586 0.025862
1 0.787931 0.056034 0.027586 0.036207
1 0.799138 0.112069 0.039655 0.041379
1 0.948276 0.084483 0.037931 0.041379
1 0.891379 0.100862 0.031034 0.036207
1 0.973276 0.035345 0.032759 0.039655
1 0.944828 0.131034 0.031034 0.037931
1 0.907759 0.202586 0.025862 0.029310
1 0.895690 0.183621 0.018966 0.029310
1 0.875862 0.187931 0.027586 0.031034
1 0.869828 0.244828 0.029310 0.041379
1 0.659483 0.363793 0.036207 0.044828
1 0.681897 0.342241 0.043103 0.032759
1 0.656897 0.328448 0.041379 0.043103
1 0.633621 0.310345 0.050000 0.051724
1 0.591379 0.280172 0.037931 0.032759
1 0.608621 0.236207 0.034483 0.031034
1 0.647414 0.198276 0.043103 0.027586
1 0.648276 0.150862 0.027586 0.050000
1 0.632759 0.043103 0.041379 0.048276
1 0.839655 0.442241 0.037931 0.053448
1 0.892241 0.359483 0.032759 0.032759
1 0.920690 0.354310 0.034483 0.036207
1 0.949138 0.275000 0.036207 0.029310
1 0.837931 0.342241 0.041379 0.036207
1 0.781034 0.348276 0.031034 0.031034
1 0.721552 0.360345 0.025862 0.034483
1 0.754310 0.515517 0.043103 0.031034
1 0.755172 0.438793 0.027586 0.060345
1 0.721552 0.248276 0.036207 0.048276
1 0.589655 0.395690 0.027586 0.039655
1 0.530172 0.341379 0.053448 0.051724
1 0.444828 0.235345 0.024138 0.032759
1 0.416379 0.208621 0.029310 0.058621
1 0.432759 0.127586 0.027586 0.027586
1 0.461207 0.017241 0.029310 0.034482
1 0.843966 0.506034 0.039655 0.022414
1 0.818966 0.486207 0.041379 0.027586
1 0.919828 0.488793 0.043103 0.046552
1 0.952586 0.521552 0.032759 0.032759
1 0.958621 0.495690 0.034483 0.036207
1 0.932759 0.434483 0.031034 0.024138
1 0.906034 0.408621 0.032759 0.037931
1 0.861207 0.398276 0.039655 0.034483
1 0.668103 0.553448 0.036207 0.044828
1 0.714655 0.599138 0.039655 0.032759
1 0.761207 0.625862 0.043103 0.037931
1 0.815517 0.586207 0.037931 0.037931
1 0.791379 0.527586 0.024138 0.037931
1 0.906034 0.668103 0.039655 0.046552
1 0.865517 0.580172 0.037931 0.050000
1 0.931034 0.615517 0.037931 0.041379
1 0.973276 0.669828 0.043103 0.043103
1 0.950000 0.734483 0.037931 0.044828
1 0.735345 0.175862 0.039655 0.041379
1 0.544828 0.610345 0.041379 0.044828
1 0.594828 0.607759 0.034483 0.050000
1 0.550000 0.570690 0.041379 0.037931
1 0.482759 0.531034 0.041379 0.044828
1 0.461207 0.496552 0.046552 0.027586
1 0.404310 0.464655 0.022414 0.036207
1 0.368966 0.466379 0.034483 0.039655
1 0.312069 0.422414 0.031034 0.048276
1 0.355172 0.318966 0.041379 0.051724
1 0.250000 0.562931 0.034483 0.043103
1 0.134483 0.446552 0.037931 0.031034
1 0.140517 0.421552 0.046552 0.039655
1 0.098276 0.388793 0.048276 0.039655
1 0.038793 0.774138 0.046552 0.048276
1 0.038793 0.740517 0.050000 0.039655
1 0.106897 0.787069 0.027586 0.046552
1 0.156897 0.839655 0.034483 0.041379
1 0.179310 0.868103 0.037931 0.043103
1 0.230172 0.832759 0.043103 0.048276
1 0.259483 0.758621 0.029310 0.034483
1 0.205172 0.724138 0.041379 0.037931
1 0.243103 0.676724 0.044828 0.039655
1 0.287069 0.681897 0.043103 0.046552
1 0.331034 0.747414 0.034483 0.029310
1 0.376724 0.763793 0.032759 0.044828
1 0.411207 0.746552 0.036207 0.024138
1 0.446552 0.791379 0.034483 0.037931
1 0.534483 0.702586 0.031034 0.050000
1 0.605172 0.693966 0.037931 0.043103
1 0.696552 0.681034 0.034483 0.034483
1 0.737931 0.710345 0.037931 0.027586
1 0.749138 0.661207 0.039655 0.036207
1 0.715517 0.643103 0.041379 0.020690
1 0.840517 0.750862 0.032759 0.039655
1 0.867241 0.782759 0.044828 0.068966
1 0.931897 0.835345 0.046552 0.032759
1 0.898276 0.887069 0.037931 0.039655
1 0.943103 0.942241 0.044828 0.025862
1 0.946552 0.974138 0.044828 0.034483
1 0.807759 0.838793 0.032759 0.050000
1 0.785345 0.778448 0.022414 0.070690
1 0.771552 0.791379 0.036207 0.034483
1 0.732759 0.766379 0.041379 0.039655
1 0.708621 0.824138 0.048276 0.041379
1 0.739655 0.887069 0.044828 0.043103
1 0.760345 0.934483 0.034483 0.037931
1 0.728448 0.935345 0.039655 0.036207
1 0.652586 0.801724 0.029310 0.027586
1 0.625000 0.766379 0.046552 0.032759
1 0.652586 0.731034 0.036207 0.027586
1 0.593103 0.869828 0.048276 0.046552
1 0.519828 0.782759 0.050000 0.041379
1 0.584483 0.946552 0.031034 0.041379
1 0.551724 0.939655 0.027586 0.037931
1 0.504310 0.930172 0.050000 0.022414
1 0.501724 0.912931 0.034483 0.032759
1 0.490517 0.968966 0.032759 0.031034
1 0.463793 0.977586 0.044828 0.027586
1 0.472414 0.856897 0.037931 0.048276
1 0.449138 0.854310 0.039655 0.039655
1 0.375862 0.868103 0.041379 0.036207
1 0.351724 0.826724 0.041379 0.025862
1 0.381034 0.809483 0.027586 0.032759
1 0.325000 0.800000 0.029310 0.027586
1 0.354310 0.982759 0.029310 0.031034
1 0.380172 0.946552 0.029310 0.034483
1 0.245690 0.966379 0.029310 0.053448
1 0.225000 0.967241 0.029310 0.031034
1 0.054310 0.962931 0.032759 0.039655
1 0.016379 0.948276 0.029310 0.041379
1 0.230172 0.311207 0.036207 0.043103
1 0.401724 0.512069 0.037931 0.051724
1 0.533621 0.027586 0.039655 0.031034
1 0.095690 0.126724 0.036207 0.032759
1 0.236207 0.597414 0.031034 0.039655
1 0.898276 0.796552 0.037931 0.024138
1 0.991379 0.749138 0.017241 0.053448
1 0.987931 0.628448 0.024138 0.039655
1 0.394828 0.651724 0.037931 0.041379
1 0.158621 0.672414 0.037931 0.058621
1 0.814655 0.148276 0.036207 0.037931
1 0.611207 0.157759 0.029310 0.046552