1 0.693103 0.133621 0.031034 0.029310
1 0.902586 0.032759 0.036207 0.034483
1 0.929310 0.012931 0.044828 0.025862
1 0.823276 0.012931 0.046552 0.025862
1 0.907759 0.162931 0.029310 0.036207
1 0.911207 0.262931 0.025862 0.022414
1 0.850862 0.223276 0.032759 0.036207
1 0.815517 0.242241 0.027586 0.032759
1 0.686207 0.293966 0.051724 0.087931
1 0.643103 0.405172 0.031034 0.051724
1 0.645690 0.466379 0.032759 0.046552
1 0.718103 0.421552 0.036207 0.029310
1 0.772414 0.407759 0.031034 0.039655
1 0.858621 0.363793 0.068966 0.037931
1 0.963793 0.393966 0.072414 0.043103
1 0.950862 0.502586 0.056897 0.074138
1 0.972414 0.563793 0.055172 0.034483
1 0.926724 0.609483 0.056897 0.067241
1 0.960345 0.825862 0.079310 0.051724
1 0.922414 0.954310 0.113793 0.046552
1 0.892241 0.850862 0.032759 0.036207
1 0.888793 0.782759 0.032759 0.048276
1 0.920690 0.742241 0.041379 0.036207
1 0.836207 0.742241 0.051724 0.053448
1 0.815517 0.637931 0.058621 0.031034
1 0.855172 0.604310 0.079310 0.053448
1 0.884483 0.524138 0.037931 0.051724
1 0.849138 0.525000 0.046552 0.032759
1 0.698276 0.537931 0.058621 0.048276
1 0.786207 0.450000 0.034483 0.041379
1 0.095690 0.408621 0.191379 0.110345
1 0.382759 0.393103 0.041379 0.051724
1 0.318103 0.459483 0.039655 0.039655
1 0.322414 0.673276 0.041379 0.050000
1 0.411207 0.674138 0.063793 0.037931
1 0.550000 0.650000 0.041379 0.041379
1 0.545690 0.611207 0.029310 0.032759
1 0.595690 0.568966 0.050000 0.079310
1 0.656034 0.813793 0.050000 0.048276
1 0.562931 0.784483 0.056897 0.034483
1 0.587069 0.733621 0.060345 0.043103
1 0.693966 0.707759 0.050000 0.025862
1 0.742241 0.907759 0.050000 0.053448
1 0.781034 0.830172 0.048276 0.050000
1 0.714655 0.761207 0.029310 0.029310
1 0.638793 0.906034 0.046552 0.039655
1 0.581034 0.919828 0.051724 0.050000
1 0.511207 0.887069 0.046552 0.032759
1 0.484483 0.925000 0.041379 0.025862
1 0.438793 0.850862 0.050000 0.039655
1 0.398276 0.961207 0.058621 0.060345
1 0.210345 0.905172 0.075862 0.041379
1 0.240517 0.951724 0.039655 0.037931
1 0.196552 0.732759 0.034483 0.048276
1 0.237069 0.693103 0.067241 0.041379
1 0.269828 0.644828 0.053448 0.041379
1 0.163793 0.643103 0.041379 0.037931
1 0.109483 0.769828 0.063793 0.043103
1 0.102586 0.936207 0.046552 0.058621
1 0.085345 0.880172 0.046552 0.025862
1 0.500000 0.260345 0.044828 0.058621
1 0.428448 0.344828 0.046552 0.041379
1 0.473276 0.327586 0.039655 0.031034
1 0.454310 0.727586 0.036207 0.041379
1 0.368103 0.739655 0.043103 0.034483
1 0.285345 0.787931 0.036207 0.037931
1 0.532759 0.435345 0.031034 0.029310
1 0.665517 0.982759 0.027586 0.034482