1 0.265517 0.068103 0.024138 0.025862
1 0.274138 0.108621 0.041379 0.048276
1 0.313793 0.090517 0.027586 0.032759
1 0.368103 0.104310 0.029310 0.032759
1 0.383621 0.147414 0.029310 0.025862
1 0.455172 0.125862 0.020690 0.024138
1 0.495690 0.131034 0.029310 0.024138
1 0.525862 0.133621 0.027586 0.022414
1 0.544828 0.171552 0.041379 0.032759
1 0.604310 0.166379 0.032759 0.036207
1 0.750000 0.109483 0.037931 0.025862
1 0.794828 0.143103 0.027586 0.034483
1 0.793966 0.202586 0.039655 0.029310
1 0.763793 0.290517 0.027586 0.025862
1 0.798276 0.343103 0.034483 0.037931
1 0.785345 0.366379 0.025862 0.029310
1 0.860345 0.401724 0.034483 0.031034
1 0.902586 0.475000 0.032759 0.025862
1 0.963793 0.362931 0.041379 0.032759
1 0.723276 0.587931 0.036207 0.020690
1 0.706897 0.552586 0.031034 0.025862
1 0.640517 0.543966 0.025862 0.029310
1 0.516379 0.541379 0.036207 0.031034
1 0.516379 0.595690 0.022414 0.025862
1 0.470690 0.558621 0.027586 0.031034
1 0.475862 0.638793 0.027586 0.032759
1 0.512931 0.775862 0.029310 0.058621
1 0.545690 0.786207 0.029310 0.034483
1 0.594828 0.838793 0.037931 0.025862
1 0.613793 0.711207 0.037931 0.036207
1 0.337069 0.596552 0.029310 0.031034
1 0.256897 0.598276 0.024138 0.020690
1 0.270690 0.535345 0.034483 0.036207
1 0.300862 0.456897 0.036207 0.044828
1 0.226724 0.423276 0.046552 0.029310
1 0.237069 0.283621 0.039655 0.036207
1 0.276724 0.262069 0.032759 0.034483
1 0.231034 0.148276 0.037931 0.055172
1 0.170690 0.116379 0.037931 0.043103
1 0.625000 0.356897 0.046552 0.027586
1 0.714655 0.392241 0.056897 0.053448
1 0.875000 0.023276 0.043103 0.032759
1 0.911207 0.027586 0.032759 0.027586