1 0.376724 0.079310 0.046552 0.034483
1 0.679310 0.237931 0.048276 0.034483
1 0.902586 0.137931 0.046552 0.055172
1 0.953448 0.233621 0.041379 0.046552
1 0.902586 0.308621 0.043103 0.017241
1 0.913793 0.291379 0.037931 0.048276
1 0.835345 0.190517 0.039655 0.025862
1 0.700000 0.198276 0.041379 0.051724
1 0.552586 0.309483 0.043103 0.032759
1 0.504310 0.257759 0.025862 0.029310
1 0.475000 0.279310 0.032759 0.031034
1 0.416379 0.218103 0.036207 0.025862
1 0.356897 0.176724 0.051724 0.032759
1 0.545690 0.050000 0.060345 0.027586
1 0.456897 0.031897 0.034483 0.036207
1 0.674138 0.029310 0.034483 0.034483
1 0.525000 0.447414 0.036207 0.036207
1 0.625000 0.384483 0.022414 0.034483
1 0.596552 0.397414 0.024138 0.022414
1 0.750862 0.328448 0.032759 0.039655
1 0.676724 0.339655 0.025862 0.024138
1 0.768103 0.427586 0.039655 0.031034
1 0.706034 0.425000 0.032759 0.039655
1 0.756034 0.459483 0.039655 0.036207
1 0.922414 0.475000 0.041379 0.032759
1 0.983621 0.395690 0.032758 0.025862
1 0.840517 0.232759 0.036207 0.037931
1 0.330172 0.393966 0.050000 0.032759
1 0.384483 0.428448 0.041379 0.043103
1 0.342241 0.465517 0.039655 0.024138
1 0.436207 0.541379 0.034483 0.037931
1 0.437069 0.628448 0.032759 0.043103
1 0.516379 0.618966 0.043103 0.037931
1 0.562931 0.594828 0.029310 0.031034
1 0.495690 0.574138 0.039655 0.031034
1 0.093103 0.739655 0.027586 0.034483
1 0.073276 0.728448 0.039655 0.043103
1 0.031034 0.752586 0.034483 0.043103
1 0.275000 0.961207 0.070690 0.036207
1 0.732759 0.818103 0.051724 0.053448
1 0.624138 0.614655 0.051724 0.043103
1 0.202586 0.313793 0.043103 0.041379
1 0.156034 0.279310 0.043103 0.048276
1 0.147414 0.112931 0.032759 0.043103
1 0.142241 0.050862 0.036207 0.050000
1 0.103448 0.143103 0.031034 0.034483
1 0.069828 0.169828 0.029310 0.036207
1 0.043103 0.209483 0.041379 0.043103
1 0.057759 0.370690 0.036207 0.034483
1 0.183621 0.217241 0.032759 0.037931
1 0.356034 0.532759 0.043103 0.031034
1 0.242241 0.542241 0.039655 0.036207
1 0.131034 0.534483 0.034483 0.031034
1 0.095690 0.525862 0.032759 0.037931
1 0.238793 0.743966 0.043103 0.036207
1 0.276724 0.727586 0.032759 0.041379
1 0.313793 0.734483 0.020690 0.041379
1 0.553448 0.687069 0.031034 0.029310
1 0.501724 0.673276 0.034483 0.036207
1 0.535345 0.660345 0.039655 0.034483
1 0.648276 0.232759 0.031034 0.027586
1 0.724138 0.142241 0.044828 0.029310
1 0.784483 0.098276 0.037931 0.037931
1 0.593966 0.775862 0.036207 0.041379
1 0.275000 0.186207 0.036207 0.031034
1 0.187931 0.112931 0.037931 0.036207
1 0.196552 0.149138 0.041379 0.029310
1 0.118103 0.209483 0.032759 0.039655
1 0.196552 0.624138 0.048276 0.055172
1 0.619828 0.178448 0.039655 0.032759
1 0.629310 0.144828 0.041379 0.055172
1 0.668103 0.128448 0.043103 0.053448
1 0.886207 0.085345 0.037931 0.039655
1 0.641379 0.675862 0.041379 0.034483
1 0.626724 0.541379 0.046552 0.031034
1 0.557759 0.554310 0.039655 0.029310
1 0.464655 0.251724 0.029310 0.048276
1 0.428448 0.299138 0.039655 0.043103
1 0.214655 0.269828 0.036207 0.032759
1 0.954310 0.106034 0.036207 0.053448
1 0.851724 0.708621 0.034483 0.041379
1 0.816379 0.662069 0.060345 0.055172
1 0.118966 0.447414 0.031034 0.039655
1 0.436207 0.372414 0.041379 0.037931
1 0.306897 0.264655 0.031034 0.025862
1 0.269828 0.250000 0.043103 0.034483
1 0.252586 0.208621 0.046552 0.024138
1 0.217241 0.189655 0.041379 0.041379
1 0.053448 0.519828 0.041379 0.043103
1 0.133621 0.787069 0.036207 0.043103
1 0.313793 0.679310 0.058621 0.024138
1 0.187069 0.881034 0.039655 0.044828
1 0.162931 0.918103 0.032759 0.050000
1 0.815517 0.055172 0.037931 0.037931