1 0.046552 0.175000 0.031034 0.043103
1 0.006897 0.181897 0.013793 0.056897
1 0.172414 0.082759 0.037931 0.041379
1 0.567241 0.080172 0.034483 0.036207
1 0.362069 0.116379 0.037931 0.029310
1 0.248276 0.154310 0.041379 0.039655
1 0.101724 0.062931 0.048276 0.032759
1 0.371552 0.181034 0.039655 0.044828
1 0.412069 0.178448 0.041379 0.036207
1 0.446552 0.151724 0.037931 0.037931
1 0.661207 0.111207 0.043103 0.039655
1 0.784483 0.026724 0.044828 0.029310
1 0.902586 0.111207 0.036207 0.039655
1 0.859483 0.303448 0.043103 0.034483
1 0.864655 0.260345 0.039655 0.037931
1 0.806034 0.213793 0.036207 0.037931
1 0.709483 0.198276 0.043103 0.037931
1 0.623276 0.181034 0.029310 0.034483
1 0.491379 0.296552 0.055172 0.041379
1 0.434483 0.250000 0.051724 0.044828
1 0.318966 0.371552 0.051724 0.050000
1 0.241379 0.393966 0.041379 0.043103
1 0.185345 0.438793 0.039655 0.039655
1 0.156034 0.369828 0.029310 0.036207
1 0.124138 0.350000 0.031034 0.031034
1 0.135345 0.380172 0.029310 0.036207
1 0.079310 0.337931 0.027586 0.034483
1 0.050862 0.539655 0.032759 0.041379
1 0.070690 0.543966 0.031034 0.046552
1 0.126724 0.667241 0.043103 0.051724
1 0.298276 0.653448 0.037931 0.037931
1 0.443966 0.712069 0.046552 0.027586
1 0.599138 0.745690 0.036207 0.036207
1 0.550862 0.674138 0.025862 0.041379
1 0.513793 0.641379 0.037931 0.034483
1 0.562931 0.582759 0.032759 0.044828
1 0.553448 0.505172 0.044828 0.037931
1 0.496552 0.458621 0.037931 0.041379
1 0.624138 0.446552 0.041379 0.031034
1 0.627586 0.393103 0.041379 0.031034
1 0.650862 0.335345 0.029310 0.025862
1 0.642241 0.356897 0.046552 0.024138
1 0.697414 0.338793 0.036207 0.036207
1 0.770690 0.256897 0.037931 0.051724
1 0.853448 0.358621 0.037931 0.041379
1 0.817241 0.400862 0.044828 0.043103
1 0.975862 0.199138 0.037931 0.043103
1 0.762931 0.475862 0.036207 0.041379
1 0.630172 0.657759 0.043103 0.029310
1 0.598276 0.668966 0.034483 0.034483
1 0.895690 0.754310 0.039655 0.032759
1 0.875000 0.697414 0.039655 0.036207
1 0.867241 0.787069 0.027586 0.032759
1 0.874138 0.900000 0.034483 0.031034
1 0.813793 0.908621 0.041379 0.034483
1 0.675000 0.943103 0.056897 0.044828
1 0.530172 0.968966 0.046552 0.041379
1 0.455172 0.838793 0.034483 0.046552
1 0.406034 0.840517 0.043103 0.029310
1 0.138793 0.871552 0.050000 0.053448
1 0.389655 0.593103 0.037931 0.048276
1 0.239655 0.501724 0.048276 0.044828
1 0.273276 0.403448 0.032759 0.044828
1 0.434483 0.035345 0.037931 0.043103
1 0.631897 0.811207 0.036207 0.036207
1 0.730172 0.768966 0.039655 0.041379
1 0.809483 0.537931 0.032759 0.041379
1 0.747414 0.571552 0.043103 0.039655
1 0.710345 0.017241 0.034483 0.034482