1 0.026724 0.115517 0.032759 0.041379
1 0.043966 0.168103 0.036207 0.043103
1 0.012931 0.244828 0.025862 0.037931
1 0.049138 0.481897 0.025862 0.039655
1 0.073276 0.458621 0.032759 0.024138
1 0.069828 0.509483 0.029310 0.029310
1 0.027586 0.556897 0.027586 0.037931
1 0.184483 0.600000 0.031034 0.044828
1 0.226724 0.625862 0.032759 0.037931
1 0.282759 0.597414 0.027586 0.039655
1 0.247414 0.518966 0.029310 0.041379
1 0.202586 0.524138 0.036207 0.037931
1 0.174138 0.455172 0.034483 0.031034
1 0.123276 0.445690 0.029310 0.032759
1 0.093966 0.399138 0.046552 0.032759
1 0.192241 0.818966 0.050000 0.044828
1 0.169828 0.873276 0.029310 0.039655
1 0.296552 0.935345 0.037931 0.046552
1 0.275000 0.982759 0.036207 0.034482
1 0.348276 0.988793 0.031034 0.022414
1 0.364655 0.952586 0.029310 0.043103
1 0.399138 0.955172 0.025862 0.048276
1 0.442241 0.960345 0.032759 0.034483
1 0.371552 0.833621 0.039655 0.039655
1 0.402586 0.671552 0.036207 0.032759
1 0.368103 0.544828 0.039655 0.037931
1 0.387931 0.565517 0.044828 0.024138
1 0.469828 0.524138 0.036207 0.034483
1 0.450000 0.433621 0.041379 0.032759
1 0.287931 0.381897 0.034483 0.036207
1 0.206034 0.390517 0.036207 0.036207
1 0.330172 0.368966 0.029310 0.031034
1 0.354310 0.328448 0.036207 0.036207
1 0.300000 0.318966 0.037931 0.034483
1 0.300862 0.252586 0.029310 0.032759
1 0.245690 0.276724 0.036207 0.022414
1 0.245690 0.249138 0.029310 0.018966
1 0.266379 0.245690 0.032759 0.050000
1 0.289655 0.190517 0.031034 0.025862
1 0.280172 0.169828 0.039655 0.025862
1 0.202586 0.187069 0.036207 0.032759
1 0.093966 0.237069 0.039655 0.039655
1 0.112069 0.140517 0.031034 0.039655
1 0.183621 0.117241 0.029310 0.034483
1 0.261207 0.061207 0.032759 0.036207
1 0.181034 0.018103 0.037931 0.036206
1 0.150000 0.067241 0.041379 0.027586
1 0.347414 0.015517 0.053448 0.031034
1 0.442241 0.008621 0.029310 0.017241
1 0.439655 0.025862 0.034483 0.031034
1 0.425000 0.085345 0.029310 0.032759
1 0.404310 0.169828 0.036207 0.029310
1 0.421552 0.231897 0.029310 0.032759
1 0.450000 0.259483 0.031034 0.036207
1 0.486207 0.246552 0.031034 0.027586
1 0.505172 0.225000 0.034483 0.029310
1 0.512069 0.187069 0.034483 0.025862
1 0.522414 0.155172 0.031034 0.031034
1 0.612931 0.182759 0.032759 0.034483
1 0.606034 0.015517 0.036207 0.031034
1 0.686207 0.046552 0.031034 0.034483
1 0.790517 0.132759 0.029310 0.027586
1 0.787931 0.103448 0.041379 0.027586
1 0.765517 0.138793 0.027586 0.025862
1 0.659483 0.209483 0.032759 0.036207
1 0.668966 0.270690 0.031034 0.034483
1 0.605172 0.294828 0.037931 0.031034
1 0.622414 0.325862 0.041379 0.041379
1 0.600000 0.361207 0.041379 0.029310
1 0.563793 0.329310 0.031034 0.031034
1 0.521552 0.356897 0.029310 0.031034
1 0.644828 0.494828 0.027586 0.031034
1 0.637931 0.558621 0.024138 0.027586
1 0.628448 0.609483 0.029310 0.032759
1 0.543103 0.654310 0.027586 0.029310
1 0.569828 0.648276 0.036207 0.037931
1 0.512069 0.706897 0.031034 0.031034
1 0.486207 0.765517 0.037931 0.027586
1 0.501724 0.800000 0.034483 0.027586
1 0.523276 0.816379 0.025862 0.025862
1 0.564655 0.823276 0.029310 0.029310
1 0.561207 0.878448 0.032759 0.029310
1 0.559483 0.941379 0.039655 0.041379
1 0.625862 0.911207 0.031034 0.029310
1 0.682759 0.852586 0.041379 0.036207
1 0.757759 0.939655 0.032759 0.034483
1 0.691379 0.981897 0.027586 0.036206
1 0.889655 0.921552 0.037931 0.036207
1 0.963793 0.895690 0.034483 0.022414
1 0.894828 0.841379 0.031034 0.031034
1 0.968966 0.819828 0.044828 0.036207
1 0.950862 0.758621 0.032759 0.041379
1 0.902586 0.781034 0.032759 0.024138
1 0.876724 0.713793 0.032759 0.031034
1 0.831897 0.816379 0.029310 0.039655
1 0.741379 0.787931 0.037931 0.031034
1 0.772414 0.668966 0.031034 0.024138
1 0.750000 0.639655 0.027586 0.027586
1 0.693966 0.611207 0.025862 0.032759
1 0.623276 0.712069 0.032759 0.037931
1 0.733621 0.555172 0.029310 0.027586
1 0.710345 0.468966 0.027586 0.034483
1 0.786207 0.418103 0.034483 0.029310
1 0.901724 0.412931 0.027586 0.025862
1 0.924138 0.401724 0.031034 0.027586
1 0.942241 0.573276 0.036207 0.036207
1 0.943103 0.486207 0.034483 0.037931
1 0.918966 0.307759 0.037931 0.022414
1 0.904310 0.232759 0.039655 0.031034
1 0.786207 0.292241 0.027586 0.036207
1 0.726724 0.329310 0.036207 0.037931
1 0.768966 0.225862 0.037931 0.037931
1 0.831034 0.166379 0.048276 0.036207
1 0.868103 0.108621 0.036207 0.037931
1 0.933621 0.128448 0.036207 0.032759