1 0.559483 0.426724 0.036207 0.039655
1 0.800000 0.431034 0.027586 0.034483
1 0.804310 0.510345 0.036207 0.048276
1 0.781034 0.525862 0.041379 0.041379
1 0.789655 0.579310 0.024138 0.037931
1 0.959483 0.454310 0.025862 0.039655
1 0.971552 0.482759 0.029310 0.051724
1 0.972414 0.359483 0.024138 0.029310
1 0.987931 0.333621 0.024138 0.025862
1 0.956897 0.293966 0.034483 0.032759
1 0.496552 0.294828 0.020690 0.027586
1 0.525862 0.256034 0.024138 0.025862
1 0.486207 0.222414 0.027586 0.020690
1 0.505172 0.161207 0.020690 0.018966
1 0.482759 0.143966 0.037931 0.018966
1 0.537069 0.165517 0.032759 0.031034
1 0.487931 0.115517 0.024138 0.024138
1 0.537069 0.091379 0.032759 0.024138
1 0.552586 0.109483 0.029310 0.029310
1 0.551724 0.057759 0.034483 0.022414
1 0.612931 0.096552 0.029310 0.031034
1 0.771552 0.111207 0.029310 0.029310
1 0.790517 0.129310 0.029310 0.027586
1 0.822414 0.226724 0.027586 0.029310
1 0.848276 0.259483 0.031034 0.032759
1 0.875000 0.264655 0.029310 0.025862
1 0.384483 0.622414 0.031034 0.041379
1 0.345690 0.618966 0.032759 0.027586
1 0.344828 0.670690 0.024138 0.031034
1 0.248276 0.552586 0.020690 0.022414
1 0.191379 0.554310 0.031034 0.022414
1 0.183621 0.501724 0.022414 0.037931
1 0.212069 0.087069 0.034483 0.053448
1 0.163793 0.094828 0.024138 0.031034
1 0.136207 0.112069 0.027586 0.027586
1 0.087931 0.130172 0.044828 0.039655
1 0.083621 0.046552 0.032759 0.027586
1 0.050862 0.068103 0.029310 0.032759
1 0.337931 0.298276 0.037931 0.055172
1 0.364655 0.361207 0.022414 0.043103
1 0.404310 0.368103 0.022414 0.029310
1 0.287931 0.381034 0.037931 0.020690
1 0.344828 0.471552 0.027586 0.029310
1 0.310345 0.489655 0.031034 0.041379
1 0.443103 0.636207 0.037931 0.044828
1 0.506034 0.696552 0.043103 0.041379
1 0.745690 0.600862 0.046552 0.036207
1 0.655172 0.772414 0.034483 0.034483
1 0.629310 0.762069 0.037931 0.027586
1 0.656034 0.844828 0.022414 0.034483
1 0.614655 0.857759 0.036207 0.032759
1 0.589655 0.815517 0.034483 0.034483
1 0.235345 0.677586 0.032759 0.034483
1 0.204310 0.646552 0.029310 0.034483
1 0.144828 0.701724 0.031034 0.034483
1 0.053448 0.618966 0.031034 0.034483
1 0.074138 0.543966 0.024138 0.036207
1 0.155172 0.533621 0.048276 0.015517
1 0.149138 0.472414 0.032759 0.034483
1 0.201724 0.471552 0.031034 0.029310
1 0.238793 0.464655 0.025862 0.029310
1 0.293103 0.405172 0.027586 0.020690
1 0.437069 0.346552 0.029310 0.017241
1 0.412931 0.257759 0.046552 0.022414
1 0.375862 0.181897 0.037931 0.029310
1 0.292241 0.257759 0.022414 0.029310
1 0.324138 0.251724 0.024138 0.031034
1 0.274138 0.233621 0.031034 0.032759
1 0.284483 0.297414 0.024138 0.032759
1 0.200862 0.292241 0.025862 0.025862
1 0.150862 0.252586 0.032759 0.022414
1 0.094828 0.300000 0.024138 0.041379
1 0.094828 0.250862 0.027586 0.039655
1 0.117241 0.206897 0.027586 0.020690
1 0.128448 0.173276 0.032759 0.025862
1 0.281897 0.153448 0.032759 0.027586
1 0.285345 0.119828 0.036207 0.022414
1 0.307759 0.068103 0.032759 0.025862
1 0.447414 0.033621 0.036207 0.022414
1 0.449138 0.107759 0.032759 0.029310
1 0.521552 0.028448 0.036207 0.022414
1 0.833621 0.086207 0.036207 0.031034
1 0.882759 0.070690 0.034483 0.027586
1 0.925862 0.081897 0.037931 0.029310
1 0.889655 0.119828 0.034483 0.032759
1 0.942241 0.040517 0.032759 0.029310
1 0.969828 0.040517 0.032759 0.029310
1 0.337931 0.821552 0.031034 0.032759
1 0.306897 0.779310 0.031034 0.034483
1 0.269828 0.723276 0.029310 0.029310
1 0.219828 0.847414 0.025862 0.025862
1 0.192241 0.868966 0.036207 0.031034
1 0.197414 0.822414 0.018966 0.031034
1 0.044828 0.688793 0.031034 0.046552
1 0.334483 0.427586 0.037931 0.024138
1 0.656034 0.473276 0.029310 0.032759
1 0.720690 0.287931 0.024138 0.034483
1 0.784483 0.275862 0.027586 0.027586
1 0.659483 0.201724 0.029310 0.020690
1 0.652586 0.275862 0.032759 0.027586
1 0.711207 0.697414 0.029310 0.043103
1 0.742241 0.642241 0.029310 0.036207
1 0.623276 0.548276 0.032759 0.024138
1 0.523276 0.547414 0.043103 0.029310
1 0.461207 0.479310 0.025862 0.034483
1 0.352586 0.562069 0.043103 0.041379
1 0.393103 0.509483 0.041379 0.029310
1 0.271552 0.588793 0.025862 0.025862
1 0.906897 0.806897 0.044828 0.034483
1 0.793966 0.787069 0.046552 0.032759
1 0.690517 0.909483 0.053448 0.036207
1 0.127586 0.383621 0.041379 0.043103
1 0.617241 0.300862 0.037931 0.043103
1 0.684483 0.086207 0.024138 0.034483
1 0.800862 0.033621 0.043103 0.029310
1 0.866379 0.637931 0.032759 0.027586
1 0.945690 0.535345 0.039655 0.043103
1 0.887069 0.404310 0.032759 0.032759
1 0.904310 0.390517 0.032759 0.032759
1 0.826724 0.362069 0.025862 0.024138
1 0.784483 0.315517 0.037931 0.027586