1 0.691379 0.310345 0.048276 0.048276
1 0.742241 0.218103 0.043103 0.039655
1 0.687931 0.166379 0.034483 0.053448
1 0.673276 0.124138 0.050000 0.031034
1 0.626724 0.106034 0.050000 0.036207
1 0.548276 0.073276 0.041379 0.036207
1 0.635345 0.334483 0.032759 0.041379
1 0.536207 0.452586 0.044828 0.039655
1 0.294828 0.516379 0.048276 0.043103
1 0.136207 0.536207 0.051724 0.027586
1 0.034483 0.512069 0.041379 0.031034
1 0.133621 0.403448 0.043103 0.044828
1 0.143966 0.309483 0.039655 0.053448
1 0.221552 0.135345 0.046552 0.043103
1 0.503448 0.550000 0.041379 0.051724
1 0.524138 0.502586 0.044828 0.025862
1 0.962069 0.554310 0.041379 0.043103
1 0.851724 0.246552 0.041379 0.055172
1 0.759483 0.420690 0.046552 0.048276
1 0.602586 0.556897 0.046552 0.048276
1 0.669828 0.615517 0.043103 0.044828
1 0.560345 0.664655 0.037931 0.053448
1 0.621552 0.712069 0.046552 0.037931
1 0.612931 0.761207 0.043103 0.046552
1 0.437931 0.812931 0.051724 0.036207
1 0.370690 0.722414 0.034483 0.044828
1 0.288793 0.705172 0.043103 0.044828
1 0.181897 0.685345 0.046552 0.046552
1 0.187069 0.586207 0.043103 0.041379
1 0.078448 0.605172 0.043103 0.041379
1 0.117241 0.484483 0.034483 0.037931
1 0.027586 0.835345 0.041379 0.043103
1 0.053448 0.710345 0.044828 0.044828
1 0.235345 0.890517 0.046552 0.050000
1 0.519828 0.918966 0.039655 0.048276
1 0.210345 0.056034 0.034483 0.039655
1 0.186207 0.299138 0.048276 0.053448
1 0.681034 0.267241 0.044828 0.020690
1 0.591379 0.216379 0.041379 0.032759
1 0.432759 0.725862 0.044828 0.044828
1 0.545690 0.792241 0.032759 0.046552
1 0.329310 0.854310 0.031034 0.053448