1 0.761207 0.124138 0.043103 0.034483
1 0.843103 0.131034 0.037931 0.037931
1 0.937931 0.122414 0.024138 0.031034
1 0.956897 0.183621 0.031034 0.022414
1 0.895690 0.174138 0.043103 0.034483
1 0.809483 0.256897 0.043103 0.031034
1 0.862931 0.252586 0.036207 0.032759
1 0.923276 0.329310 0.018966 0.024138
1 0.870690 0.293966 0.020690 0.015517
1 0.734483 0.263793 0.027586 0.020690
1 0.660345 0.235345 0.031034 0.029310
1 0.537931 0.160345 0.041379 0.024138
1 0.715517 0.073276 0.020690 0.025862
1 0.483621 0.083621 0.032759 0.025862
1 0.526724 0.065517 0.022414 0.034483
1 0.481034 0.331897 0.017241 0.025862
1 0.209483 0.264655 0.036207 0.032759
1 0.318966 0.296552 0.034483 0.031034
1 0.362931 0.305172 0.022414 0.034483
1 0.582759 0.351724 0.034483 0.031034
1 0.718966 0.515517 0.051724 0.020690
1 0.793103 0.513793 0.027586 0.013793
1 0.808621 0.484483 0.031034 0.034483
1 0.880172 0.493966 0.029310 0.022414
1 0.950862 0.409483 0.025862 0.022414
1 0.956897 0.611207 0.031034 0.029310
1 0.977586 0.739655 0.027586 0.027586
1 0.927586 0.847414 0.031034 0.029310
1 0.954310 0.901724 0.032759 0.024138
1 0.845690 0.874138 0.022414 0.017241
1 0.129310 0.084483 0.031034 0.031034
1 0.070690 0.053448 0.037931 0.020690
1 0.076724 0.100000 0.018966 0.034483
1 0.042241 0.095690 0.022414 0.015517
1 0.120690 0.257759 0.020690 0.032759
1 0.150000 0.247414 0.031034 0.022414
1 0.244828 0.199138 0.027586 0.022414
1 0.303448 0.481897 0.031034 0.046552
1 0.199138 0.551724 0.029310 0.017241
1 0.200862 0.646552 0.029310 0.037931
1 0.223276 0.686207 0.018966 0.020690
1 0.187069 0.731897 0.025862 0.036207
1 0.242241 0.786207 0.022414 0.031034
1 0.217241 0.817241 0.031034 0.024138
1 0.214655 0.886207 0.022414 0.031034
1 0.243103 0.939655 0.031034 0.027586
1 0.143966 0.875000 0.032759 0.022414
1 0.120690 0.772414 0.024138 0.020690
1 0.067241 0.744828 0.031034 0.020690
1 0.598276 0.465517 0.027586 0.024138
1 0.618966 0.517241 0.031034 0.024138