1 0.335345 0.104310 0.039655 0.060345
1 0.361207 0.162069 0.050000 0.048276
1 0.417241 0.216379 0.031034 0.039655
1 0.190517 0.641379 0.029310 0.034483
1 0.131897 0.662069 0.032759 0.027586
1 0.046552 0.695690 0.031034 0.036207
1 0.613793 0.694828 0.037931 0.048276
1 0.756034 0.585345 0.029310 0.053448
1 0.467241 0.104310 0.034483 0.036207
1 0.963793 0.526724 0.037931 0.039655
1 0.716379 0.082759 0.050000 0.051724
1 0.480172 0.819828 0.053448 0.036207
1 0.539655 0.842241 0.024138 0.043103
1 0.669828 0.849138 0.063793 0.050000
1 0.925862 0.816379 0.034483 0.029310
1 0.933621 0.898276 0.032759 0.037931
1 0.867241 0.844828 0.024138 0.031034
1 0.893966 0.738793 0.036207 0.025862
1 0.840517 0.667241 0.036207 0.044828
1 0.118103 0.198276 0.029310 0.031034
1 0.083621 0.230172 0.039655 0.050000
1 0.119828 0.246552 0.032759 0.037931
1 0.203448 0.218966 0.027586 0.037931
1 0.173276 0.208621 0.022414 0.017241
1 0.179310 0.177586 0.044828 0.031034
1 0.139655 0.073276 0.031034 0.039655
1 0.045690 0.100000 0.053448 0.037931
1 0.202586 0.061207 0.036207 0.036207
1 0.645690 0.329310 0.039655 0.034483
1 0.656034 0.384483 0.032759 0.027586
1 0.606897 0.417241 0.034483 0.041379
1 0.641379 0.437931 0.034483 0.044828
1 0.604310 0.521552 0.043103 0.053448
1 0.763793 0.381897 0.041379 0.032759
1 0.778448 0.437931 0.032759 0.034483
1 0.755172 0.311207 0.027586 0.043103
1 0.765517 0.255172 0.037931 0.034483
1 0.843966 0.134483 0.039655 0.051724
1 0.941379 0.055172 0.034483 0.044828
1 0.757759 0.155172 0.039655 0.041379
1 0.712931 0.213793 0.039655 0.031034
1 0.372414 0.410345 0.034483 0.037931
1 0.431897 0.272414 0.039655 0.044828
1 0.310345 0.325000 0.048276 0.029310
1 0.386207 0.330172 0.037931 0.029310