1 0.468966 0.076724 0.034483 0.025862
1 0.606897 0.031034 0.031034 0.031034
1 0.658621 0.011207 0.034483 0.022414
1 0.740517 0.018103 0.032759 0.036206
1 0.827586 0.012069 0.031034 0.024138
1 0.862931 0.038793 0.022414 0.022414
1 0.918966 0.042241 0.027586 0.025862
1 0.881034 0.072414 0.031034 0.027586
1 0.839655 0.137931 0.037931 0.037931
1 0.946552 0.150862 0.034483 0.032759
1 0.881034 0.161207 0.037931 0.032759
1 0.893103 0.215517 0.037931 0.027586
1 0.934483 0.231897 0.034483 0.025862
1 0.834483 0.230172 0.027586 0.022414
1 0.804310 0.265517 0.025862 0.027586
1 0.869828 0.329310 0.032759 0.034483
1 0.897414 0.309483 0.043103 0.039655
1 0.900862 0.352586 0.029310 0.025862
1 0.876724 0.404310 0.032759 0.022414
1 0.914655 0.448276 0.018966 0.031034
1 0.883621 0.448276 0.032759 0.037931
1 0.731034 0.406897 0.037931 0.048276
1 0.691379 0.443966 0.027586 0.036207
1 0.590517 0.456034 0.043103 0.050000
1 0.558621 0.456034 0.037931 0.032759
1 0.525000 0.450000 0.039655 0.051724
1 0.482759 0.445690 0.024138 0.039655
1 0.443966 0.452586 0.032759 0.032759
1 0.424138 0.487069 0.041379 0.025862
1 0.399138 0.466379 0.032759 0.032759
1 0.366379 0.465517 0.025862 0.027586
1 0.394828 0.431897 0.034483 0.022414
1 0.434483 0.402586 0.027586 0.025862
1 0.455172 0.416379 0.027586 0.029310
1 0.484483 0.380172 0.027586 0.022414
1 0.508621 0.403448 0.041379 0.027586
1 0.568966 0.380172 0.041379 0.025862
1 0.610345 0.370690 0.041379 0.027586
1 0.593966 0.331897 0.032759 0.029310
1 0.556034 0.321552 0.025862 0.032759
1 0.583621 0.286207 0.036207 0.027586
1 0.287931 0.358621 0.024138 0.031034
1 0.224138 0.279310 0.031034 0.017241
1 0.213793 0.239655 0.031034 0.031034
1 0.323276 0.160345 0.025862 0.024138
1 0.322414 0.128448 0.031034 0.025862
1 0.331897 0.106034 0.029310 0.022414
1 0.338793 0.068103 0.025862 0.032759
1 0.633621 0.591379 0.032759 0.034483
1 0.668966 0.537069 0.037931 0.029310
1 0.708621 0.531897 0.037931 0.022414
1 0.751724 0.500862 0.041379 0.029310
1 0.786207 0.530172 0.024138 0.029310
1 0.887931 0.655172 0.024138 0.034483
1 0.912069 0.655172 0.024138 0.031034
1 0.915517 0.607759 0.044828 0.036207
1 0.899138 0.531897 0.039655 0.032759
1 0.964655 0.647414 0.039655 0.039655
1 0.377586 0.708621 0.034483 0.044828
1 0.343966 0.523276 0.029310 0.046552
1 0.308621 0.521552 0.031034 0.022414
1 0.273276 0.493966 0.025862 0.029310
1 0.264655 0.464655 0.018966 0.025862
1 0.243966 0.444828 0.036207 0.027586
1 0.166379 0.490517 0.029310 0.025862
1 0.186207 0.549138 0.031034 0.022414
1 0.212931 0.575862 0.018966 0.031034
1 0.177586 0.602586 0.041379 0.029310
1 0.113793 0.569828 0.027586 0.022414
1 0.112931 0.617241 0.025862 0.037931
1 0.228448 0.661207 0.022414 0.032759
1 0.202586 0.669828 0.029310 0.029310
1 0.260345 0.058621 0.024138 0.027586
1 0.282759 0.100000 0.027586 0.027586
1 0.600000 0.837069 0.024138 0.022414
1 0.577586 0.818103 0.041379 0.032759
1 0.800000 0.759483 0.034483 0.029310
1 0.799138 0.714655 0.039655 0.029310
1 0.706034 0.712069 0.043103 0.027586
1 0.516379 0.733621 0.025862 0.032759
1 0.537069 0.724138 0.036207 0.027586
1 0.273276 0.795690 0.032759 0.029310
1 0.203448 0.856034 0.034483 0.029310
1 0.167241 0.898276 0.027586 0.027586
1 0.087069 0.881034 0.032759 0.027586
1 0.347414 0.316379 0.022414 0.025862
1 0.359483 0.292241 0.025862 0.018966
1 0.418103 0.278448 0.036207 0.025862
1 0.452586 0.284483 0.036207 0.031034
1 0.570690 0.158621 0.024138 0.037931
1 0.615517 0.160345 0.017241 0.020690
1 0.743966 0.121552 0.025862 0.039655
1 0.720690 0.157759 0.020690 0.029310
1 0.703448 0.189655 0.020690 0.027586
1 0.674138 0.148276 0.031034 0.027586
1 0.640517 0.186207 0.018966 0.027586
1 0.187069 0.319828 0.022414 0.029310
1 0.142241 0.303448 0.036207 0.034483
1 0.112069 0.356897 0.024138 0.034483
1 0.937931 0.824138 0.034483 0.034483
1 0.940517 0.854310 0.022414 0.036207
1 0.978448 0.845690 0.018966 0.032759
1 0.886207 0.776724 0.027586 0.039655
1 0.824138 0.893103 0.034483 0.041379
1 0.955172 0.898276 0.044828 0.034483
1 0.419828 0.747414 0.039655 0.025862
1 0.413793 0.820690 0.027586 0.034483
1 0.388793 0.845690 0.022414 0.022414
1 0.070690 0.625000 0.058621 0.043103
1 0.083621 0.553448 0.056897 0.044828