1 0.765517 0.690517 0.034483 0.025862
1 0.826724 0.695690 0.032759 0.036207
1 0.879310 0.654310 0.034483 0.032759
1 0.823276 0.595690 0.036207 0.032759
1 0.798276 0.538793 0.048276 0.032759
1 0.746552 0.480172 0.037931 0.039655
1 0.565517 0.418966 0.041379 0.044828
1 0.525862 0.366379 0.041379 0.032759
1 0.503448 0.327586 0.031034 0.034483
1 0.472414 0.274138 0.034483 0.027586
1 0.380172 0.240517 0.032759 0.039655
1 0.456897 0.140517 0.027586 0.043103
1 0.523276 0.099138 0.039655 0.029310
1 0.288793 0.263793 0.046552 0.051724
1 0.430172 0.473276 0.050000 0.036207
1 0.465517 0.545690 0.041379 0.039655
1 0.518966 0.497414 0.048276 0.046552
1 0.615517 0.462931 0.041379 0.036207
1 0.666379 0.681897 0.039655 0.025862
1 0.797414 0.774138 0.043103 0.027586
1 0.975000 0.861207 0.036207 0.039655
1 0.902586 0.860345 0.029310 0.027586
1 0.884483 0.825000 0.034483 0.025862
1 0.730172 0.863793 0.032759 0.024138
1 0.654310 0.775862 0.046552 0.034483
1 0.258621 0.409483 0.041379 0.036207
1 0.120690 0.257759 0.041379 0.036207
1 0.872414 0.074138 0.027586 0.027586
1 0.913793 0.049138 0.037931 0.039655
1 0.912069 0.100000 0.037931 0.034483
1 0.918103 0.142241 0.032759 0.029310
1 0.848276 0.152586 0.041379 0.039655
1 0.820690 0.225862 0.034483 0.034483
1 0.856034 0.254310 0.029310 0.032759
1 0.887069 0.251724 0.032759 0.024138
1 0.950862 0.245690 0.029310 0.029310
1 0.927586 0.355172 0.031034 0.024138
1 0.303448 0.809483 0.041379 0.050000
1 0.231034 0.874138 0.037931 0.034483
1 0.130172 0.961207 0.032759 0.029310
1 0.194828 0.687931 0.034483 0.044828
1 0.206897 0.518103 0.037931 0.050000
1 0.114655 0.093103 0.046552 0.037931
1 0.210345 0.048276 0.031034 0.037931
1 0.215517 0.087931 0.034483 0.034483
1 0.301724 0.072414 0.041379 0.024138
1 0.339655 0.082759 0.034483 0.024138