1 0.823276 0.169828 0.070690 0.060345
1 0.833621 0.230172 0.046552 0.039655
1 0.669828 0.252586 0.094828 0.039655
1 0.556897 0.268103 0.048276 0.032759
1 0.680172 0.786207 0.050000 0.055172
1 0.712069 0.738793 0.044828 0.046552
1 0.758621 0.814655 0.044828 0.039655
1 0.841379 0.775000 0.065517 0.074138
1 0.937931 0.803448 0.048276 0.037931
1 0.875000 0.868966 0.067241 0.034483
1 0.758621 0.875862 0.055172 0.055172
1 0.601724 0.657759 0.037931 0.036207
1 0.216379 0.237069 0.056897 0.098276
1 0.313793 0.230172 0.058621 0.074138
1 0.479310 0.345690 0.051724 0.056897
1 0.443966 0.344828 0.029310 0.037931
1 0.508621 0.378448 0.037931 0.043103
1 0.560345 0.323276 0.051724 0.043103
1 0.409483 0.046552 0.056897 0.055172
1 0.291379 0.570690 0.062069 0.072414
1 0.293966 0.735345 0.043103 0.046552
1 0.315517 0.694828 0.058621 0.034483
1 0.356897 0.731897 0.051724 0.032759
1 0.239655 0.850000 0.062069 0.044828
1 0.269828 0.805172 0.050000 0.051724
1 0.327586 0.837069 0.031034 0.043103
1 0.431897 0.835345 0.060345 0.053448
1 0.535345 0.782759 0.043103 0.041379
1 0.150862 0.150862 0.053448 0.043103
1 0.718103 0.061207 0.043103 0.036207
1 0.374138 0.481897 0.062069 0.056897