1 0.794828 0.207759 0.034483 0.029310
1 0.825862 0.294828 0.031034 0.031034
1 0.838793 0.326724 0.029310 0.036207
1 0.883621 0.321552 0.036207 0.046552
1 0.884483 0.248276 0.031034 0.031034
1 0.921552 0.410345 0.029310 0.037931
1 0.961207 0.438793 0.032759 0.043103
1 0.882759 0.574138 0.027586 0.024138
1 0.623276 0.439655 0.036207 0.037931
1 0.278448 0.337069 0.043103 0.050000
1 0.285345 0.109483 0.036207 0.039655
1 0.250000 0.143103 0.037931 0.041379
1 0.866379 0.700862 0.039655 0.029310
1 0.923276 0.809483 0.029310 0.032759
1 0.814655 0.749138 0.032759 0.025862
1 0.787931 0.778448 0.037931 0.032759
1 0.778448 0.845690 0.039655 0.046552
1 0.574138 0.707759 0.031034 0.032759
1 0.346552 0.742241 0.034483 0.025862
1 0.402586 0.749138 0.039655 0.046552
1 0.522414 0.767241 0.027586 0.041379
1 0.480172 0.541379 0.039655 0.037931
1 0.428448 0.458621 0.043103 0.041379
1 0.203448 0.558621 0.024138 0.031034
1 0.158621 0.503448 0.037931 0.034483
1 0.133621 0.346552 0.025862 0.034483
1 0.510345 0.035345 0.037931 0.070690
1 0.662069 0.353448 0.044828 0.034483