1 0.790517 0.037069 0.032759 0.029310
1 0.831897 0.015517 0.043103 0.031034
1 0.852586 0.069828 0.039655 0.039655
1 0.899138 0.083621 0.043103 0.036207
1 0.936207 0.062931 0.034483 0.032759
1 0.983621 0.042241 0.022414 0.029310
1 0.835345 0.100000 0.022414 0.024138
1 0.793966 0.155172 0.025862 0.034483
1 0.771552 0.121552 0.043103 0.032759
1 0.712069 0.012931 0.051724 0.025862
1 0.827586 0.245690 0.031034 0.025862
1 0.845690 0.271552 0.025862 0.032759
1 0.886207 0.299138 0.044828 0.029310
1 0.960345 0.305172 0.031034 0.027586
1 0.966379 0.261207 0.022414 0.025862
1 0.910345 0.230172 0.027586 0.022414
1 0.941379 0.232759 0.034483 0.027586
1 0.969828 0.188793 0.025862 0.032759
1 0.934483 0.197414 0.031034 0.036207
1 0.949138 0.339655 0.032759 0.034483
1 0.992241 0.364655 0.015517 0.043103
1 0.986207 0.420690 0.024138 0.027586
1 0.931897 0.418966 0.029310 0.037931
1 0.970690 0.467241 0.027586 0.031034
1 0.948276 0.525862 0.031034 0.037931
1 0.984483 0.536207 0.031034 0.048276
1 0.916379 0.664655 0.036207 0.043103
1 0.990517 0.721552 0.018966 0.036207
1 0.973276 0.735345 0.029310 0.029310
1 0.915517 0.806897 0.027586 0.024138
1 0.892241 0.807759 0.022414 0.029310
1 0.881034 0.826724 0.027586 0.032759
1 0.909483 0.843966 0.032759 0.032759
1 0.812931 0.800000 0.046552 0.034483
1 0.863793 0.967241 0.041379 0.031034
1 0.788793 0.963793 0.032759 0.037931
1 0.825000 0.691379 0.039655 0.031034
1 0.836207 0.511207 0.027586 0.032759
1 0.812069 0.451724 0.034483 0.037931
1 0.808621 0.423276 0.024138 0.032759
1 0.844828 0.375862 0.031034 0.034483
1 0.793966 0.338793 0.032759 0.032759
1 0.791379 0.288793 0.027586 0.029310
1 0.747414 0.277586 0.025862 0.024138
1 0.740517 0.306897 0.029310 0.037931
1 0.794828 0.590517 0.034483 0.032759
1 0.771552 0.586207 0.036207 0.041379
1 0.763793 0.618103 0.037931 0.036207
1 0.751724 0.748276 0.034483 0.034483
1 0.724138 0.711207 0.041379 0.036207
1 0.688793 0.916379 0.032759 0.032759
1 0.680172 0.790517 0.029310 0.032759
1 0.683621 0.845690 0.032759 0.032759
1 0.625862 0.867241 0.044828 0.034483
1 0.640517 0.818966 0.025862 0.037931
1 0.631897 0.764655 0.036207 0.046552
1 0.678448 0.697414 0.046552 0.029310
1 0.683621 0.668966 0.039655 0.027586
1 0.666379 0.583621 0.043103 0.036207
1 0.675000 0.475862 0.050000 0.051724
1 0.610345 0.818966 0.031034 0.031034
1 0.575862 0.866379 0.034483 0.029310
1 0.556034 0.913793 0.025862 0.031034
1 0.580172 0.899138 0.025862 0.025862
1 0.559483 0.812931 0.039655 0.039655
1 0.531897 0.687931 0.032759 0.041379
1 0.487931 0.841379 0.027586 0.034483
1 0.581897 0.433621 0.036207 0.053448
1 0.614655 0.364655 0.043103 0.039655
1 0.669828 0.338793 0.036207 0.039655
1 0.664655 0.291379 0.032759 0.020690
1 0.662931 0.237069 0.029310 0.018966
1 0.710345 0.182759 0.044828 0.034483
1 0.643966 0.113793 0.032759 0.037931
1 0.614655 0.209483 0.029310 0.032759
1 0.589655 0.230172 0.027586 0.039655
1 0.557759 0.150862 0.039655 0.039655
1 0.538793 0.109483 0.029310 0.029310
1 0.508621 0.105172 0.034483 0.027586
1 0.502586 0.045690 0.029310 0.036207
1 0.443103 0.010345 0.041379 0.020690
1 0.435345 0.048276 0.029310 0.034483
1 0.405172 0.062069 0.027586 0.031034
1 0.462069 0.125000 0.024138 0.036207
1 0.467241 0.151724 0.034483 0.031034
1 0.493966 0.184483 0.039655 0.034483
1 0.539655 0.230172 0.027586 0.029310
1 0.528448 0.254310 0.039655 0.025862
1 0.502586 0.293103 0.025862 0.027586
1 0.488793 0.331897 0.032759 0.039655
1 0.491379 0.254310 0.041379 0.036207
1 0.459483 0.362069 0.039655 0.037931
1 0.443103 0.257759 0.041379 0.039655
1 0.414655 0.243103 0.036207 0.031034
1 0.371552 0.195690 0.039655 0.036207
1 0.347414 0.316379 0.032759 0.046552
1 0.379310 0.333621 0.031034 0.039655
1 0.368966 0.386207 0.034483 0.041379
1 0.413793 0.404310 0.037931 0.039655
1 0.488793 0.482759 0.039655 0.041379
1 0.502586 0.561207 0.036207 0.043103
1 0.470690 0.666379 0.031034 0.036207
1 0.446552 0.640517 0.031034 0.039655
1 0.403448 0.625000 0.034483 0.046552
1 0.413793 0.518103 0.034483 0.043103
1 0.375862 0.566379 0.034483 0.039655
1 0.332759 0.512931 0.031034 0.043103
1 0.354310 0.454310 0.039655 0.039655
1 0.375000 0.468966 0.032759 0.044828
1 0.306034 0.418966 0.029310 0.024138
1 0.327586 0.364655 0.024138 0.036207
1 0.327586 0.258621 0.020690 0.031034
1 0.357759 0.235345 0.025862 0.032759
1 0.350862 0.074138 0.029310 0.044828
1 0.275000 0.155172 0.032759 0.041379
1 0.270690 0.233621 0.034483 0.029310
1 0.277586 0.262931 0.024138 0.022414
1 0.275862 0.343966 0.034483 0.032759
1 0.279310 0.396552 0.031034 0.034483
1 0.249138 0.410345 0.032759 0.037931
1 0.256897 0.477586 0.034483 0.031034
1 0.282759 0.498276 0.027586 0.041379
1 0.269828 0.584483 0.029310 0.034483
1 0.252586 0.559483 0.029310 0.032759
1 0.368966 0.635345 0.037931 0.029310
1 0.378448 0.675862 0.029310 0.031034
1 0.356034 0.679310 0.036207 0.031034
1 0.321552 0.777586 0.039655 0.037931
1 0.349138 0.830172 0.036207 0.039655
1 0.362931 0.864655 0.029310 0.036207
1 0.345690 0.925862 0.022414 0.055172
1 0.315517 0.989655 0.034483 0.020690
1 0.236207 0.966379 0.037931 0.039655
1 0.256034 0.827586 0.036207 0.037931
1 0.298276 0.712931 0.020690 0.032759
1 0.275862 0.738793 0.031034 0.029310
1 0.201724 0.878448 0.031034 0.029310
1 0.220690 0.848276 0.034483 0.051724
1 0.246552 0.696552 0.031034 0.034483
1 0.251724 0.650000 0.034483 0.034483
1 0.208621 0.659483 0.034483 0.046552
1 0.171552 0.917241 0.039655 0.027586
1 0.151724 0.937931 0.027586 0.031034
1 0.125000 0.954310 0.029310 0.043103
1 0.081897 0.950862 0.039655 0.032759
1 0.038793 0.981897 0.043103 0.036206
1 0.018966 0.774138 0.034483 0.037931
1 0.156034 0.705172 0.039655 0.034483
1 0.129310 0.657759 0.034483 0.039655
1 0.175000 0.582759 0.046552 0.037931
1 0.205172 0.563793 0.031034 0.044828
1 0.175000 0.551724 0.036207 0.031034
1 0.195690 0.605172 0.025862 0.027586
1 0.068966 0.629310 0.034483 0.034483
1 0.053448 0.714655 0.024138 0.025862
1 0.036207 0.689655 0.041379 0.034483
1 0.041379 0.654310 0.031034 0.029310
1 0.050000 0.606897 0.027586 0.044828
1 0.085345 0.532759 0.036207 0.027586
1 0.151724 0.409483 0.044828 0.043103
1 0.162931 0.492241 0.029310 0.022414
1 0.205172 0.470690 0.031034 0.031034
1 0.234483 0.529310 0.020690 0.037931
1 0.206897 0.506897 0.024138 0.020690
1 0.091379 0.399138 0.031034 0.050000
1 0.023276 0.404310 0.036207 0.039655
1 0.012931 0.334483 0.025862 0.055172
1 0.108621 0.309483 0.024138 0.022414
1 0.087931 0.308621 0.041379 0.024138
1 0.192241 0.301724 0.046552 0.031034
1 0.156034 0.250000 0.036207 0.034483
1 0.112069 0.277586 0.031034 0.027586
1 0.085345 0.278448 0.032759 0.032759
1 0.045690 0.267241 0.025862 0.034483
1 0.019828 0.266379 0.025862 0.029310
1 0.067241 0.236207 0.037931 0.027586
1 0.087069 0.200000 0.039655 0.027586
1 0.143966 0.200000 0.036207 0.031034
1 0.125862 0.179310 0.034483 0.034483
1 0.107759 0.118103 0.022414 0.032759
1 0.140517 0.121552 0.029310 0.036207
1 0.142241 0.088793 0.039655 0.039655
1 0.188793 0.084483 0.018966 0.044828
1 0.212931 0.110345 0.032759 0.048276
1 0.099138 0.067241 0.032759 0.031034
1 0.062931 0.030172 0.022414 0.039655
1 0.043966 0.051724 0.043103 0.027586
1 0.038793 0.078448 0.032759 0.029310
1 0.037931 0.121552 0.041379 0.029310
1 0.013793 0.197414 0.027586 0.036207