1 0.226724 0.183621 0.043103 0.025862
1 0.231034 0.160345 0.037931 0.031034
1 0.162069 0.177586 0.037931 0.037931
1 0.119828 0.191379 0.025862 0.044828
1 0.106034 0.227586 0.032759 0.034483
1 0.125000 0.244828 0.029310 0.024138
1 0.170690 0.238793 0.037931 0.029310
1 0.075862 0.069828 0.027586 0.025862
1 0.067241 0.106034 0.037931 0.025862
1 0.094828 0.016379 0.034483 0.032758
1 0.158621 0.012931 0.041379 0.025862
1 0.212931 0.071552 0.036207 0.032759
1 0.271552 0.016379 0.025862 0.032758
1 0.215517 0.012931 0.037931 0.025862
1 0.393103 0.102586 0.034483 0.036207
1 0.353448 0.108621 0.031034 0.027586
1 0.305172 0.175862 0.048276 0.037931
1 0.279310 0.250862 0.037931 0.043103
1 0.354310 0.264655 0.032759 0.032759
1 0.471552 0.162069 0.032759 0.048276
1 0.510345 0.190517 0.031034 0.050000
1 0.568966 0.157759 0.037931 0.025862
1 0.562931 0.106034 0.036207 0.025862
1 0.590517 0.114655 0.036207 0.029310
1 0.593103 0.094828 0.027586 0.031034
1 0.684483 0.145690 0.041379 0.029310
1 0.680172 0.217241 0.025862 0.027586
1 0.663793 0.170690 0.044828 0.027586
1 0.614655 0.204310 0.036207 0.036207
1 0.578448 0.192241 0.018966 0.039655
1 0.458621 0.075000 0.027586 0.039655
1 0.488793 0.065517 0.032759 0.037931
1 0.768966 0.074138 0.027586 0.027586
1 0.793103 0.080172 0.024138 0.025862
1 0.759483 0.101724 0.025862 0.031034
1 0.757759 0.524138 0.043103 0.044828
1 0.775862 0.549138 0.031034 0.029310
1 0.822414 0.383621 0.048276 0.036207
1 0.870690 0.293103 0.041379 0.034483
1 0.412931 0.385345 0.029310 0.036207
1 0.013793 0.035345 0.027586 0.046552
1 0.018103 0.278448 0.032759 0.025862
1 0.008621 0.260345 0.017241 0.031034
1 0.070690 0.450000 0.031034 0.044828
1 0.577586 0.279310 0.027586 0.037931
1 0.765517 0.151724 0.034483 0.041379
1 0.912069 0.119828 0.041379 0.046552
1 0.850000 0.168966 0.027586 0.031034
1 0.805172 0.185345 0.020690 0.036207
1 0.834483 0.118966 0.024138 0.017241
1 0.877586 0.130172 0.020690 0.039655
1 0.960345 0.157759 0.027586 0.036207
1 0.969828 0.089655 0.018966 0.024138
1 0.929310 0.075000 0.034483 0.029310
1 0.940517 0.033621 0.025862 0.015517
1 0.931897 0.012069 0.036207 0.017241
1 0.537069 0.007759 0.029310 0.015517
1 0.787069 0.011207 0.029310 0.022414
1 0.788793 0.032759 0.032759 0.034483
1 0.849138 0.014655 0.018966 0.029310
1 0.884483 0.018103 0.027586 0.018966
1 0.968966 0.031897 0.024138 0.022414
1 0.945690 0.324138 0.036207 0.034483
1 0.948276 0.368966 0.034483 0.044828
1 0.990517 0.350000 0.018966 0.027586
1 0.992241 0.377586 0.015517 0.020690
1 0.989655 0.520690 0.020690 0.031034
1 0.957759 0.522414 0.025862 0.037931
1 0.937069 0.515517 0.029310 0.024138
1 0.885345 0.484483 0.032759 0.024138
1 0.841379 0.270690 0.037931 0.041379
1 0.926724 0.307759 0.046552 0.039655
1 0.976724 0.312931 0.036207 0.043103
1 0.869828 0.350862 0.036207 0.036207
1 0.768103 0.321552 0.029310 0.036207
1 0.700000 0.319828 0.044828 0.032759
1 0.643966 0.468966 0.039655 0.041379
1 0.642241 0.431897 0.043103 0.029310
1 0.673276 0.418966 0.046552 0.041379
1 0.704310 0.438793 0.043103 0.029310
1 0.794828 0.497414 0.048276 0.022414
1 0.806897 0.531034 0.037931 0.027586
1 0.830172 0.619828 0.029310 0.032759
1 0.793966 0.626724 0.032759 0.036207
1 0.799138 0.588793 0.032759 0.043103
1 0.844828 0.687069 0.034483 0.029310
1 0.920690 0.663793 0.037931 0.031034
1 0.906034 0.734483 0.029310 0.031034
1 0.888793 0.838793 0.029310 0.043103
1 0.921552 0.862931 0.029310 0.036207
1 0.900862 0.877586 0.032759 0.031034
1 0.950000 0.889655 0.034483 0.048276
1 0.915517 0.915517 0.034483 0.048276
1 0.871552 0.970690 0.046552 0.031034
1 0.869828 0.905172 0.039655 0.034483
1 0.801724 0.875862 0.041379 0.034483
1 0.818103 0.851724 0.036207 0.020690
1 0.787931 0.795690 0.024138 0.029310
1 0.791379 0.731897 0.034483 0.032759
1 0.765517 0.753448 0.041379 0.031034
1 0.733621 0.748276 0.036207 0.027586
1 0.743966 0.726724 0.029310 0.036207
1 0.704310 0.712069 0.032759 0.037931
1 0.720690 0.793966 0.034483 0.032759
1 0.719828 0.856034 0.022414 0.032759
1 0.696552 0.850000 0.027586 0.027586
1 0.712069 0.883621 0.034483 0.032759
1 0.757759 0.976724 0.032759 0.025862
1 0.678448 0.986207 0.036207 0.020690
1 0.650862 0.940517 0.032759 0.043103
1 0.657759 0.779310 0.036207 0.041379
1 0.631897 0.790517 0.029310 0.036207
1 0.595690 0.807759 0.025862 0.032759
1 0.568103 0.793103 0.032759 0.027586
1 0.548276 0.819828 0.034483 0.029310
1 0.623276 0.875862 0.032759 0.034483
1 0.593103 0.864655 0.024138 0.039655
1 0.562931 0.880172 0.032759 0.029310
1 0.575000 0.901724 0.025862 0.024138
1 0.591379 0.932759 0.034483 0.037931
1 0.546552 0.975862 0.037931 0.031034
1 0.544828 0.948276 0.034483 0.031034
1 0.522414 0.962069 0.024138 0.031034
1 0.492241 0.949138 0.043103 0.032759
1 0.487069 0.919828 0.032759 0.050000
1 0.518103 0.870690 0.032759 0.027586
1 0.523276 0.850862 0.032759 0.029310
1 0.524138 0.757759 0.027586 0.032759
1 0.582759 0.731034 0.034483 0.020690
1 0.637931 0.692241 0.027586 0.029310
1 0.723276 0.656034 0.032759 0.032759
1 0.699138 0.651724 0.029310 0.031034
1 0.680172 0.637069 0.029310 0.029310
1 0.641379 0.635345 0.041379 0.032759
1 0.651724 0.589655 0.031034 0.044828
1 0.617241 0.592241 0.031034 0.025862
1 0.699138 0.593966 0.029310 0.022414
1 0.676724 0.560345 0.036207 0.031034
1 0.695690 0.542241 0.032759 0.032759
1 0.598276 0.561207 0.037931 0.036207
1 0.599138 0.529310 0.039655 0.027586
1 0.618103 0.494828 0.039655 0.031034
1 0.561207 0.475862 0.029310 0.031034
1 0.559483 0.582759 0.025862 0.031034
1 0.557759 0.556034 0.029310 0.036207
1 0.523276 0.588793 0.036207 0.029310
1 0.600000 0.666379 0.024138 0.029310
1 0.546552 0.678448 0.031034 0.029310
1 0.513793 0.717241 0.031034 0.037931
1 0.462069 0.720690 0.031034 0.034483
1 0.481034 0.662931 0.037931 0.039655
1 0.395690 0.650862 0.043103 0.025862
1 0.444828 0.575000 0.031034 0.029310
1 0.463793 0.523276 0.027586 0.029310
1 0.487069 0.516379 0.029310 0.025862
1 0.468966 0.500000 0.041379 0.031034
1 0.525862 0.468103 0.034483 0.050000
1 0.589655 0.420690 0.027586 0.041379
1 0.615517 0.448276 0.037931 0.031034
1 0.649138 0.375862 0.039655 0.034483
1 0.743966 0.368103 0.025862 0.032759
1 0.750862 0.252586 0.032759 0.032759
1 0.487069 0.360345 0.039655 0.031034
1 0.496552 0.412931 0.044828 0.029310
1 0.463793 0.308621 0.034483 0.031034
1 0.323276 0.304310 0.036207 0.036207
1 0.330172 0.353448 0.036207 0.034483
1 0.268103 0.317241 0.032759 0.037931
1 0.219828 0.387069 0.039655 0.032759
1 0.220690 0.341379 0.048276 0.044828
1 0.202586 0.106897 0.039655 0.037931
1 0.293966 0.055172 0.036207 0.024138
1 0.371552 0.192241 0.032759 0.043103
1 0.512069 0.087931 0.034483 0.031034
1 0.731034 0.585345 0.041379 0.029310
1 0.857759 0.533621 0.032759 0.036207
1 0.834483 0.453448 0.031034 0.034483
1 0.390517 0.754310 0.036207 0.036207
1 0.381034 0.715517 0.041379 0.031034
1 0.420690 0.818966 0.031034 0.034483
1 0.449138 0.766379 0.032759 0.039655
1 0.439655 0.884483 0.031034 0.037931
1 0.379310 0.898276 0.041379 0.031034
1 0.370690 0.842241 0.034483 0.029310
1 0.378448 0.975862 0.043103 0.031034
1 0.304310 0.971552 0.032759 0.036207
1 0.276724 0.956034 0.029310 0.029310
1 0.225000 0.973276 0.039655 0.029310
1 0.226724 0.898276 0.032759 0.034483
1 0.220690 0.854310 0.027586 0.032759
1 0.186207 0.820690 0.034483 0.031034
1 0.170690 0.786207 0.034483 0.034483
1 0.137069 0.788793 0.025862 0.029310
1 0.096552 0.911207 0.034483 0.022414
1 0.016379 0.924138 0.032758 0.037931
1 0.009483 0.825862 0.018966 0.031034
1 0.031034 0.818966 0.031034 0.027586
1 0.014655 0.802586 0.029310 0.029310
1 0.044828 0.723276 0.037931 0.039655
1 0.010345 0.751724 0.020690 0.037931
1 0.104310 0.709483 0.032759 0.036207
1 0.049138 0.797414 0.032759 0.032759
1 0.097414 0.668966 0.036207 0.034483
1 0.043966 0.646552 0.032759 0.034483
1 0.012931 0.632759 0.025862 0.044828
1 0.167241 0.540517 0.031034 0.032759
1 0.150000 0.520690 0.037931 0.031034
1 0.200862 0.464655 0.025862 0.029310
1 0.156897 0.476724 0.027586 0.029310
1 0.100000 0.461207 0.031034 0.029310
1 0.102586 0.344828 0.025862 0.031034
1 0.084483 0.352586 0.027586 0.022414
1 0.318966 0.535345 0.051724 0.036207
1 0.331897 0.554310 0.043103 0.029310
1 0.405172 0.497414 0.027586 0.032759
1 0.335345 0.496552 0.036207 0.034483
1 0.375000 0.591379 0.032759 0.037931
1 0.398276 0.547414 0.037931 0.025862
1 0.313793 0.636207 0.027586 0.037931
1 0.295690 0.668103 0.032759 0.036207
1 0.216379 0.678448 0.036207 0.032759
1 0.199138 0.616379 0.032759 0.032759
1 0.257759 0.593103 0.029310 0.020690
1 0.242241 0.566379 0.036207 0.039655
1 0.253448 0.498276 0.037931 0.031034
1 0.308621 0.241379 0.037931 0.034483
1 0.918966 0.807759 0.034483 0.036207
1 0.150862 0.438793 0.039655 0.025862
1 0.156897 0.412931 0.037931 0.032759
1 0.034483 0.887069 0.031034 0.022414
1 0.025000 0.334483 0.032759 0.024138
1 0.881034 0.256897 0.031034 0.027586
1 0.711207 0.175862 0.025862 0.031034
1 0.704310 0.267241 0.018966 0.020690
1 0.699138 0.245690 0.029310 0.036207
1 0.571552 0.309483 0.036207 0.025862
1 0.895690 0.555172 0.032759 0.031034
1 0.535345 0.369828 0.029310 0.029310
1 0.044828 0.554310 0.037931 0.029310