1 0.190517 0.135345 0.025862 0.039655
1 0.201724 0.187069 0.037931 0.029310
1 0.212069 0.255172 0.031034 0.037931
1 0.308621 0.177586 0.024138 0.034483
1 0.408621 0.127586 0.027586 0.037931
1 0.492241 0.091379 0.032759 0.027586
1 0.575862 0.158621 0.031034 0.027586
1 0.607759 0.192241 0.032759 0.039655
1 0.821552 0.094828 0.046552 0.027586
1 0.741379 0.304310 0.055172 0.032759
1 0.761207 0.467241 0.025862 0.041379
1 0.776724 0.702586 0.029310 0.036207
1 0.929310 0.644828 0.031034 0.024138
1 0.941379 0.596552 0.024138 0.027586
1 0.967241 0.562069 0.024138 0.024138
1 0.819828 0.029310 0.029310 0.034483
1 0.697414 0.086207 0.043103 0.020690
1 0.280172 0.381034 0.043103 0.031034
1 0.291379 0.418103 0.037931 0.036207
1 0.113793 0.546552 0.037931 0.037931
1 0.084483 0.611207 0.031034 0.039655
1 0.050862 0.593966 0.022414 0.029310
1 0.079310 0.677586 0.031034 0.027586
1 0.133621 0.743966 0.036207 0.025862
1 0.186207 0.842241 0.044828 0.029310
1 0.219828 0.900862 0.029310 0.018966
1 0.240517 0.936207 0.032759 0.027586
1 0.224138 0.818103 0.031034 0.022414
1 0.269828 0.824138 0.032759 0.031034
1 0.418103 0.735345 0.029310 0.022414
1 0.606897 0.531897 0.044828 0.025862
1 0.509483 0.433621 0.032759 0.025862
1 0.586207 0.285345 0.027586 0.025862
1 0.509483 0.267241 0.029310 0.034483
1 0.735345 0.106897 0.029310 0.034483