1 0.446552 0.189655 0.044828 0.034483
1 0.442241 0.310345 0.039655 0.044828
1 0.470690 0.249138 0.031034 0.036207
1 0.622414 0.105172 0.031034 0.041379
1 0.762931 0.098276 0.039655 0.041379
1 0.843966 0.054310 0.039655 0.036207
1 0.916379 0.329310 0.032759 0.027586
1 0.801724 0.405172 0.034483 0.027586
1 0.775000 0.386207 0.043103 0.027586
1 0.775000 0.337069 0.046552 0.032759
1 0.669828 0.304310 0.039655 0.032759
1 0.683621 0.242241 0.036207 0.025862
1 0.674138 0.226724 0.041379 0.025862
1 0.586207 0.216379 0.041379 0.022414
1 0.554310 0.202586 0.029310 0.032759
1 0.493103 0.110345 0.041379 0.037931
1 0.459483 0.141379 0.036207 0.027586
1 0.455172 0.358621 0.034483 0.031034
1 0.462069 0.387069 0.031034 0.025862
1 0.550000 0.333621 0.020690 0.032759
1 0.565517 0.470690 0.027586 0.031034
1 0.615517 0.434483 0.034483 0.034483
1 0.682759 0.456897 0.027586 0.037931
1 0.710345 0.446552 0.034483 0.031034
1 0.771552 0.468103 0.043103 0.025862
1 0.892241 0.540517 0.036207 0.029310
1 0.884483 0.632759 0.034483 0.044828
1 0.833621 0.585345 0.050000 0.039655
1 0.780172 0.560345 0.039655 0.037931
1 0.733621 0.617241 0.025862 0.041379
1 0.710345 0.700000 0.031034 0.037931
1 0.805172 0.685345 0.034483 0.032759
1 0.781034 0.697414 0.027586 0.022414
1 0.768103 0.727586 0.039655 0.031034
1 0.842241 0.729310 0.036207 0.034483
1 0.831034 0.786207 0.034483 0.031034
1 0.863793 0.816379 0.034483 0.032759
1 0.892241 0.853448 0.039655 0.024138
1 0.900862 0.889655 0.036207 0.037931
1 0.730172 0.845690 0.025862 0.025862
1 0.661207 0.831897 0.036207 0.025862
1 0.689655 0.790517 0.031034 0.032759
1 0.734483 0.773276 0.034483 0.022414
1 0.428448 0.433621 0.039655 0.036207
1 0.237069 0.231897 0.036207 0.039655
1 0.364655 0.212931 0.043103 0.029310
1 0.350000 0.045690 0.034483 0.036207
1 0.313793 0.112069 0.044828 0.037931
1 0.214655 0.108621 0.050000 0.034483
1 0.086207 0.229310 0.037931 0.034483
1 0.104310 0.327586 0.025862 0.034483
1 0.147414 0.480172 0.036207 0.029310
1 0.172414 0.528448 0.031034 0.039655
1 0.107759 0.545690 0.043103 0.025862
1 0.145690 0.604310 0.043103 0.050000
1 0.227586 0.638793 0.037931 0.043103
1 0.225862 0.713793 0.048276 0.048276
1 0.307759 0.737069 0.039655 0.029310
1 0.437931 0.789655 0.058621 0.034483
1 0.546552 0.756897 0.037931 0.034483
1 0.353448 0.562931 0.051724 0.046552