1 0.550862 0.180172 0.043103 0.046552
1 0.361207 0.208621 0.050000 0.027586
1 0.387069 0.235345 0.032759 0.032759
1 0.424138 0.252586 0.034483 0.043103
1 0.456897 0.263793 0.027586 0.031034
1 0.456897 0.307759 0.041379 0.032759
1 0.485345 0.332759 0.029310 0.034483
1 0.562931 0.454310 0.043103 0.053448
1 0.614655 0.489655 0.029310 0.041379
1 0.667241 0.540517 0.034483 0.039655
1 0.743103 0.552586 0.031034 0.050000
1 0.790517 0.606897 0.025862 0.024138
1 0.925862 0.585345 0.034483 0.043103
1 0.932759 0.636207 0.027586 0.027586
1 0.874138 0.667241 0.024138 0.034483
1 0.912931 0.678448 0.032759 0.018966
1 0.916379 0.728448 0.022414 0.022414
1 0.957759 0.780172 0.036207 0.043103
1 0.018103 0.950862 0.029310 0.025862
1 0.092241 0.923276 0.029310 0.029310
1 0.090517 0.881034 0.032759 0.020690
1 0.146552 0.855172 0.037931 0.020690
1 0.227586 0.783621 0.048276 0.032759
1 0.245690 0.725862 0.032759 0.027586
1 0.299138 0.694828 0.032759 0.024138
1 0.344828 0.603448 0.034483 0.027586
1 0.373276 0.587069 0.029310 0.022414
1 0.397414 0.547414 0.018966 0.022414
1 0.425000 0.567241 0.036207 0.024138
1 0.462069 0.518966 0.020690 0.027586
1 0.487069 0.502586 0.018966 0.043103
1 0.214655 0.252586 0.029310 0.039655
1 0.170690 0.181897 0.031034 0.036207
1 0.536207 0.645690 0.044828 0.036207
1 0.513793 0.594828 0.031034 0.034483
1 0.617241 0.552586 0.031034 0.029310
1 0.616379 0.568966 0.036207 0.027586
1 0.746552 0.866379 0.051724 0.025862
1 0.628448 0.782759 0.043103 0.034483
1 0.850862 0.741379 0.046552 0.037931