1 0.935345 0.014655 0.039655 0.029310
1 0.981034 0.025000 0.017241 0.022414
1 0.970690 0.155172 0.024138 0.020690
1 0.943103 0.190517 0.020690 0.029310
1 0.966379 0.224138 0.022414 0.027586
1 0.886207 0.127586 0.031034 0.044828
1 0.917241 0.072414 0.020690 0.024138
1 0.869828 0.050000 0.036207 0.017241
1 0.856034 0.074138 0.025862 0.027586
1 0.824138 0.066379 0.027586 0.022414
1 0.792241 0.012069 0.025862 0.024138
1 0.775000 0.116379 0.025862 0.022414
1 0.813793 0.131897 0.020690 0.029310
1 0.759483 0.098276 0.029310 0.034483
1 0.816379 0.212931 0.036207 0.032759
1 0.834483 0.249138 0.034483 0.029310
1 0.864655 0.254310 0.029310 0.025862
1 0.900862 0.266379 0.025862 0.025862
1 0.938793 0.282759 0.022414 0.017241
1 0.953448 0.267241 0.031034 0.017241
1 0.981034 0.281034 0.020690 0.027586
1 0.983621 0.305172 0.022414 0.037931
1 0.963793 0.312931 0.034483 0.022414
1 0.967241 0.333621 0.024138 0.032759
1 0.897414 0.381897 0.036207 0.032759
1 0.957759 0.404310 0.022414 0.025862
1 0.950000 0.441379 0.031034 0.027586
1 0.976724 0.415517 0.029310 0.017241
1 0.961207 0.460345 0.018966 0.020690
1 0.962069 0.487931 0.027586 0.041379
1 0.980172 0.685345 0.036207 0.036207
1 0.933621 0.515517 0.022414 0.037931
1 0.918103 0.443103 0.032759 0.027586
1 0.678448 0.067241 0.032759 0.031034
1 0.613793 0.091379 0.027586 0.024138
1 0.593966 0.106897 0.032759 0.031034
1 0.546552 0.037931 0.027586 0.031034
1 0.467241 0.044828 0.027586 0.027586
1 0.312069 0.046552 0.020690 0.031034
1 0.294828 0.059483 0.024138 0.029310
1 0.206897 0.070690 0.031034 0.041379
1 0.175862 0.065517 0.024138 0.024138
1 0.152586 0.076724 0.018966 0.029310
1 0.088793 0.105172 0.050000 0.037931
1 0.050862 0.055172 0.025862 0.020690
1 0.014655 0.068103 0.022414 0.039655
1 0.074138 0.023276 0.024138 0.022414
1 0.029310 0.011207 0.034483 0.022414
1 0.146552 0.026724 0.024138 0.032759
1 0.112931 0.063793 0.032759 0.027586
1 0.276724 0.098276 0.043103 0.020690
1 0.913793 0.549138 0.034483 0.046552
1 0.929310 0.704310 0.027586 0.032759
1 0.919828 0.762931 0.036207 0.036207
1 0.881034 0.443966 0.037931 0.036207
1 0.815517 0.333621 0.031034 0.032759
1 0.853448 0.381897 0.041379 0.029310
1 0.796552 0.423276 0.017241 0.036207
1 0.826724 0.543966 0.025862 0.032759
1 0.821552 0.597414 0.032759 0.029310
1 0.856034 0.622414 0.036207 0.034483
1 0.879310 0.726724 0.027586 0.029310
1 0.840517 0.756897 0.029310 0.027586
1 0.856897 0.772414 0.024138 0.031034
1 0.882759 0.794828 0.044828 0.024138
1 0.836207 0.916379 0.024138 0.025862
1 0.837931 0.951724 0.027586 0.034483
1 0.800862 0.949138 0.025862 0.025862
1 0.791379 0.768966 0.031034 0.034483
1 0.775000 0.937069 0.036207 0.032759
1 0.778448 0.550862 0.039655 0.032759
1 0.768103 0.512931 0.039655 0.029310
1 0.792241 0.500000 0.036207 0.034483
1 0.782759 0.367241 0.024138 0.037931
1 0.776724 0.293103 0.036207 0.024138
1 0.775862 0.265517 0.027586 0.034483
1 0.749138 0.259483 0.032759 0.015517
1 0.744828 0.179310 0.031034 0.027586
1 0.657759 0.183621 0.032759 0.032759
1 0.711207 0.281034 0.029310 0.034483
1 0.716379 0.352586 0.029310 0.043103
1 0.733621 0.385345 0.025862 0.039655
1 0.731897 0.586207 0.029310 0.024138
1 0.726724 0.617241 0.036207 0.037931
1 0.721552 0.693966 0.022414 0.039655
1 0.699138 0.678448 0.032759 0.032759
1 0.707759 0.770690 0.032759 0.037931
1 0.682759 0.892241 0.031034 0.043103
1 0.707759 0.938793 0.029310 0.036207
1 0.600862 0.845690 0.036207 0.029310
1 0.645690 0.829310 0.018966 0.024138
1 0.622414 0.800862 0.037931 0.032759
1 0.650862 0.751724 0.025862 0.041379
1 0.613793 0.746552 0.020690 0.034483
1 0.654310 0.693103 0.036207 0.037931
1 0.619828 0.645690 0.032759 0.029310
1 0.654310 0.622414 0.032759 0.037931
1 0.644828 0.566379 0.034483 0.029310
1 0.627586 0.525000 0.041379 0.029310
1 0.645690 0.457759 0.029310 0.036207
1 0.622414 0.408621 0.051724 0.034483
1 0.617241 0.271552 0.031034 0.025862
1 0.649138 0.256897 0.025862 0.024138
1 0.588793 0.200000 0.029310 0.024138
1 0.562931 0.166379 0.022414 0.043103
1 0.535345 0.147414 0.018966 0.022414
1 0.520690 0.121552 0.027586 0.029310
1 0.543103 0.093103 0.031034 0.027586
1 0.529310 0.057759 0.031034 0.025862
1 0.506034 0.068966 0.036207 0.020690
1 0.511207 0.018103 0.039655 0.022414
1 0.431897 0.018966 0.018966 0.020690
1 0.453448 0.012069 0.024138 0.017241
1 0.437931 0.093103 0.020690 0.037931
1 0.472414 0.118103 0.034483 0.039655
1 0.493103 0.143103 0.020690 0.024138
1 0.513793 0.180172 0.031034 0.025862
1 0.476724 0.206034 0.032759 0.025862
1 0.504310 0.230172 0.039655 0.029310
1 0.485345 0.270690 0.032759 0.031034
1 0.414655 0.238793 0.050000 0.032759
1 0.423276 0.281034 0.029310 0.031034
1 0.468966 0.312069 0.027586 0.031034
1 0.430172 0.325862 0.036207 0.037931
1 0.387931 0.343966 0.031034 0.029310
1 0.350862 0.348276 0.025862 0.027586
1 0.333621 0.291379 0.036207 0.037931
1 0.272414 0.282759 0.044828 0.034483
1 0.320690 0.231034 0.017241 0.020690
1 0.287931 0.233621 0.034483 0.025862
1 0.259483 0.212069 0.036207 0.034483
1 0.272414 0.172414 0.034483 0.031034
1 0.224138 0.170690 0.031034 0.041379
1 0.151724 0.215517 0.027586 0.034483
1 0.124138 0.150862 0.031034 0.025862
1 0.112069 0.175862 0.041379 0.024138
1 0.093966 0.225000 0.029310 0.022414
1 0.065517 0.254310 0.031034 0.043103
1 0.093103 0.268966 0.031034 0.034483
1 0.027586 0.263793 0.027586 0.024138
1 0.011207 0.244828 0.022414 0.044828
1 0.193103 0.308621 0.024138 0.034483
1 0.237069 0.325000 0.029310 0.032759
1 0.249138 0.354310 0.036207 0.036207
1 0.120690 0.306897 0.034483 0.037931
1 0.121552 0.363793 0.032759 0.034483
1 0.550862 0.399138 0.036207 0.029310
1 0.517241 0.447414 0.034483 0.029310
1 0.511207 0.499138 0.029310 0.029310
1 0.500000 0.535345 0.037931 0.032759
1 0.539655 0.602586 0.037931 0.032759
1 0.496552 0.675000 0.034483 0.036207
1 0.518103 0.698276 0.029310 0.024138
1 0.570690 0.737069 0.027586 0.025862
1 0.537931 0.768103 0.037931 0.036207
1 0.572414 0.793966 0.031034 0.032759
1 0.537931 0.843966 0.027586 0.022414
1 0.512931 0.894828 0.029310 0.027586
1 0.496552 0.931034 0.027586 0.024138
1 0.463793 0.809483 0.027586 0.032759
1 0.430172 0.809483 0.025862 0.029310
1 0.443103 0.663793 0.031034 0.020690
1 0.417241 0.620690 0.048276 0.044828
1 0.376724 0.595690 0.032759 0.029310
1 0.372414 0.632759 0.031034 0.024138
1 0.330172 0.655172 0.039655 0.020690
1 0.340517 0.616379 0.029310 0.046552
1 0.394828 0.489655 0.024138 0.031034
1 0.439655 0.457759 0.027586 0.029310
1 0.477586 0.427586 0.031034 0.031034
1 0.350000 0.549138 0.031034 0.025862
1 0.287069 0.512931 0.022414 0.025862
1 0.299138 0.486207 0.036207 0.034483
1 0.336207 0.451724 0.037931 0.037931
1 0.279310 0.396552 0.020690 0.027586
1 0.308621 0.386207 0.020690 0.027586
1 0.262069 0.472414 0.041379 0.027586
1 0.233621 0.437931 0.036207 0.027586
1 0.175862 0.471552 0.031034 0.043103
1 0.157759 0.516379 0.032759 0.022414
1 0.179310 0.529310 0.034483 0.034483
1 0.207759 0.537069 0.025862 0.039655
1 0.241379 0.529310 0.024138 0.031034
1 0.254310 0.569828 0.015517 0.032759
1 0.222414 0.573276 0.037931 0.025862
1 0.175000 0.571552 0.043103 0.029310
1 0.135345 0.535345 0.029310 0.029310
1 0.104310 0.584483 0.036207 0.034483
1 0.133621 0.684483 0.029310 0.037931
1 0.047414 0.591379 0.032759 0.024138
1 0.011207 0.518103 0.022414 0.032759
1 0.056897 0.404310 0.037931 0.036207
1 0.069828 0.478448 0.029310 0.032759
1 0.067241 0.516379 0.027586 0.029310
1 0.059483 0.368103 0.025862 0.032759
1 0.282759 0.690517 0.024138 0.029310
1 0.266379 0.710345 0.022414 0.037931
1 0.247414 0.737931 0.039655 0.031034
1 0.289655 0.756034 0.034483 0.036207
1 0.356897 0.762069 0.037931 0.034483
1 0.326724 0.802586 0.032759 0.032759
1 0.362931 0.870690 0.036207 0.034483
1 0.325862 0.881897 0.031034 0.039655
1 0.379310 0.981034 0.034483 0.031034
1 0.269828 0.974138 0.036207 0.031034
1 0.221552 0.940517 0.029310 0.032759
1 0.127586 0.943103 0.031034 0.031034
1 0.098276 0.986207 0.027586 0.027586
1 0.099138 0.900000 0.022414 0.037931
1 0.151724 0.876724 0.024138 0.032759
1 0.182759 0.847414 0.037931 0.022414
1 0.207759 0.833621 0.032759 0.025862
1 0.184483 0.810345 0.037931 0.031034
1 0.225862 0.788793 0.034483 0.029310
1 0.037931 0.909483 0.034483 0.032759
1 0.018103 0.953448 0.036206 0.034483
1 0.023276 0.853448 0.025862 0.034483
1 0.036207 0.715517 0.024138 0.041379
1 0.035345 0.664655 0.025862 0.036207
1 0.018103 0.631897 0.029310 0.032759
1 0.276724 0.126724 0.032759 0.025862