1 0.622414 0.053448 0.031034 0.027586
1 0.799138 0.060345 0.025862 0.034483
1 0.874138 0.055172 0.044828 0.034483
1 0.950000 0.066379 0.048276 0.032759
1 0.990517 0.018103 0.018966 0.032759
1 0.952586 0.012069 0.036207 0.024138
1 0.811207 0.012069 0.036207 0.024138
1 0.755172 0.024138 0.020690 0.027586
1 0.737069 0.012931 0.029310 0.025862
1 0.645690 0.006897 0.046552 0.013793
1 0.743103 0.104310 0.037931 0.029310
1 0.778448 0.098276 0.025862 0.027586
1 0.925862 0.125862 0.031034 0.024138
1 0.965517 0.194828 0.031034 0.031034
1 0.923276 0.175000 0.029310 0.025862
1 0.926724 0.215517 0.039655 0.048276
1 0.879310 0.192241 0.031034 0.025862
1 0.856897 0.181034 0.027586 0.024138
1 0.818103 0.147414 0.039655 0.029310
1 0.805172 0.182759 0.031034 0.037931
1 0.822414 0.241379 0.041379 0.031034
1 0.883621 0.225000 0.025862 0.032759
1 0.962069 0.299138 0.031034 0.029310
1 0.961207 0.331034 0.039655 0.024138
1 0.880172 0.316379 0.036207 0.036207
1 0.859483 0.338793 0.032759 0.032759
1 0.986207 0.382759 0.027586 0.034483
1 0.899138 0.396552 0.032759 0.024138
1 0.877586 0.408621 0.034483 0.027586
1 0.801724 0.274138 0.034483 0.031034
1 0.752586 0.238793 0.029310 0.032759
1 0.730172 0.218966 0.025862 0.024138
1 0.705172 0.159483 0.027586 0.025862
1 0.671552 0.089655 0.032759 0.031034
1 0.686207 0.193103 0.024138 0.031034
1 0.656897 0.183621 0.024138 0.022414
1 0.665517 0.152586 0.034483 0.032759
1 0.609483 0.081897 0.043103 0.032759
1 0.600000 0.173276 0.037931 0.032759
1 0.600000 0.215517 0.031034 0.037931
1 0.559483 0.159483 0.025862 0.032759
1 0.560345 0.215517 0.031034 0.031034
1 0.560345 0.257759 0.027586 0.036207
1 0.596552 0.347414 0.031034 0.036207
1 0.610345 0.375000 0.034483 0.036207
1 0.714655 0.252586 0.029310 0.039655
1 0.702586 0.282759 0.032759 0.041379
1 0.942241 0.476724 0.025862 0.032759
1 0.917241 0.472414 0.031034 0.044828
1 0.901724 0.443103 0.044828 0.024138
1 0.877586 0.465517 0.034483 0.027586
1 0.880172 0.540517 0.032759 0.025862
1 0.886207 0.570690 0.027586 0.024138
1 0.984483 0.545690 0.031034 0.032759
1 0.922414 0.530172 0.031034 0.032759
1 0.874138 0.499138 0.041379 0.025862
1 0.819828 0.542241 0.022414 0.039655
1 0.799138 0.553448 0.015517 0.034483
1 0.770690 0.540517 0.027586 0.029310
1 0.752586 0.500862 0.039655 0.036207
1 0.705172 0.442241 0.027586 0.032759
1 0.737069 0.389655 0.039655 0.027586
1 0.781034 0.337931 0.027586 0.041379
1 0.801724 0.355172 0.024138 0.031034
1 0.728448 0.548276 0.022414 0.031034
1 0.712931 0.482759 0.029310 0.024138
1 0.693966 0.539655 0.032759 0.027586
1 0.662069 0.542241 0.037931 0.032759
1 0.668966 0.453448 0.027586 0.024138
1 0.668966 0.365517 0.031034 0.031034
1 0.676724 0.340517 0.029310 0.036207
1 0.589655 0.393966 0.037931 0.022414
1 0.565517 0.400862 0.031034 0.032759
1 0.928448 0.611207 0.029310 0.032759
1 0.963793 0.656897 0.031034 0.041379
1 0.961207 0.806897 0.036207 0.034483
1 0.973276 0.856897 0.025862 0.027586
1 0.953448 0.834483 0.024138 0.031034
1 0.981034 0.945690 0.031034 0.043103
1 0.944828 0.891379 0.037931 0.031034
1 0.926724 0.865517 0.039655 0.031034
1 0.918966 0.835345 0.041379 0.032759
1 0.893103 0.735345 0.027586 0.039655
1 0.875862 0.780172 0.027586 0.036207
1 0.858621 0.767241 0.031034 0.027586
1 0.889655 0.670690 0.027586 0.027586
1 0.938793 0.662069 0.029310 0.034483
1 0.901724 0.645690 0.031034 0.036207
1 0.851724 0.623276 0.027586 0.032759
1 0.810345 0.604310 0.037931 0.036207
1 0.776724 0.673276 0.029310 0.032759
1 0.776724 0.714655 0.025862 0.036207
1 0.799138 0.722414 0.029310 0.037931
1 0.771552 0.762931 0.043103 0.046552
1 0.775000 0.812931 0.032759 0.043103
1 0.761207 0.944828 0.032759 0.037931
1 0.772414 0.985345 0.044828 0.029310
1 0.825000 0.989655 0.039655 0.020690
1 0.688793 0.974138 0.032759 0.031034
1 0.732759 0.914655 0.037931 0.043103
1 0.712931 0.880172 0.036207 0.039655
1 0.670690 0.850000 0.031034 0.031034
1 0.688793 0.814655 0.032759 0.032759
1 0.652586 0.775000 0.032759 0.029310
1 0.690517 0.725862 0.032759 0.037931
1 0.722414 0.720690 0.037931 0.041379
1 0.693966 0.618966 0.032759 0.041379
1 0.638793 0.655172 0.032759 0.027586
1 0.630172 0.684483 0.036207 0.041379
1 0.628448 0.594828 0.032759 0.037931
1 0.589655 0.747414 0.041379 0.053448
1 0.570690 0.822414 0.055172 0.034483
1 0.557759 0.888793 0.039655 0.039655
1 0.525862 0.712931 0.034483 0.029310
1 0.543966 0.736207 0.039655 0.034483
1 0.498276 0.758621 0.027586 0.031034
1 0.533621 0.647414 0.032759 0.039655
1 0.585345 0.518966 0.039655 0.034483
1 0.585345 0.452586 0.025862 0.036207
1 0.556897 0.449138 0.031034 0.029310
1 0.535345 0.442241 0.039655 0.025862
1 0.527586 0.477586 0.044828 0.034483
1 0.515517 0.420690 0.037931 0.034483
1 0.512931 0.368103 0.029310 0.039655
1 0.512069 0.162931 0.027586 0.046552
1 0.484483 0.147414 0.024138 0.029310
1 0.494828 0.014655 0.041379 0.029310
1 0.479310 0.047414 0.034483 0.043103
1 0.468966 0.193966 0.034483 0.032759
1 0.447414 0.245690 0.032759 0.036207
1 0.486207 0.718966 0.031034 0.034483
1 0.478448 0.670690 0.025862 0.027586
1 0.471552 0.609483 0.029310 0.039655
1 0.448276 0.527586 0.031034 0.037931
1 0.424138 0.507759 0.034483 0.029310
1 0.450000 0.465517 0.031034 0.041379
1 0.468103 0.446552 0.036207 0.027586
1 0.467241 0.418966 0.027586 0.031034
1 0.482759 0.391379 0.024138 0.037931
1 0.451724 0.387931 0.020690 0.037931
1 0.457759 0.335345 0.029310 0.039655
1 0.407759 0.300862 0.029310 0.032759
1 0.364655 0.215517 0.043103 0.031034
1 0.359483 0.175862 0.039655 0.044828
1 0.341379 0.144828 0.024138 0.037931
1 0.394828 0.046552 0.027586 0.031034
1 0.368966 0.046552 0.027586 0.024138
1 0.313793 0.068103 0.044828 0.046552
1 0.364655 0.071552 0.039655 0.036207
1 0.307759 0.144828 0.032759 0.048276
1 0.409483 0.422414 0.029310 0.027586
1 0.416379 0.454310 0.032759 0.025862
1 0.418966 0.636207 0.031034 0.044828
1 0.446552 0.756897 0.027586 0.041379
1 0.407759 0.753448 0.029310 0.034483
1 0.368966 0.700862 0.041379 0.039655
1 0.332759 0.705172 0.034483 0.037931
1 0.361207 0.823276 0.029310 0.029310
1 0.387069 0.883621 0.036207 0.032759
1 0.358621 0.875000 0.027586 0.032759
1 0.288793 0.923276 0.043103 0.032759
1 0.280172 0.859483 0.032759 0.060345
1 0.242241 0.799138 0.036207 0.039655
1 0.245690 0.722414 0.029310 0.037931
1 0.375000 0.525862 0.039655 0.044828
1 0.360345 0.446552 0.041379 0.031034
1 0.364655 0.411207 0.029310 0.039655
1 0.366379 0.362931 0.025862 0.036207
1 0.338793 0.368103 0.029310 0.039655
1 0.320690 0.461207 0.031034 0.039655
1 0.343966 0.526724 0.022414 0.032759
1 0.325000 0.531034 0.029310 0.027586
1 0.272414 0.609483 0.031034 0.039655
1 0.359483 0.025000 0.029310 0.029310
1 0.338793 0.295690 0.029310 0.036207
1 0.393966 0.273276 0.029310 0.032759
1 0.289655 0.404310 0.034483 0.022414
1 0.313793 0.373276 0.027586 0.032759
1 0.291379 0.296552 0.027586 0.031034
1 0.272414 0.282759 0.037931 0.024138
1 0.294828 0.337069 0.037931 0.022414
1 0.250862 0.238793 0.039655 0.025862
1 0.244828 0.181034 0.034483 0.041379
1 0.284483 0.106897 0.044828 0.031034
1 0.245690 0.062069 0.029310 0.037931
1 0.262069 0.500000 0.041379 0.027586
1 0.241379 0.422414 0.044828 0.031034
1 0.247414 0.343103 0.036207 0.031034
1 0.181897 0.340517 0.032759 0.029310
1 0.174138 0.279310 0.031034 0.048276
1 0.162931 0.213793 0.025862 0.027586
1 0.143103 0.139655 0.024138 0.031034
1 0.147414 0.041379 0.025862 0.048276
1 0.193103 0.012069 0.044828 0.024138
1 0.255172 0.531034 0.024138 0.027586
1 0.235345 0.546552 0.022414 0.027586
1 0.218103 0.528448 0.025862 0.029310
1 0.205172 0.656897 0.024138 0.027586
1 0.208621 0.631034 0.020690 0.024138
1 0.191379 0.571552 0.034483 0.036207
1 0.155172 0.589655 0.037931 0.027586
1 0.160345 0.478448 0.034483 0.029310
1 0.221552 0.875000 0.036207 0.029310
1 0.184483 0.843966 0.041379 0.036207
1 0.189655 0.986207 0.044828 0.027586
1 0.135345 0.920690 0.032759 0.034483
1 0.138793 0.823276 0.029310 0.029310
1 0.117241 0.765517 0.034483 0.037931
1 0.107759 0.544828 0.025862 0.044828
1 0.081034 0.450862 0.027586 0.022414
1 0.104310 0.419828 0.032759 0.029310
1 0.078448 0.364655 0.025862 0.025862
1 0.059483 0.341379 0.025862 0.034483
1 0.012069 0.195690 0.024138 0.018966
1 0.051724 0.175000 0.027586 0.025862
1 0.075000 0.068966 0.029310 0.024138
1 0.066379 0.046552 0.032759 0.024138
1 0.045690 0.455172 0.029310 0.024138
1 0.050000 0.471552 0.027586 0.025862
1 0.053448 0.500000 0.031034 0.031034
1 0.043966 0.601724 0.029310 0.034483
1 0.076724 0.656897 0.029310 0.034483
1 0.087069 0.689655 0.036207 0.031034
1 0.024138 0.781897 0.031034 0.032759
1 0.012931 0.800862 0.025862 0.029310
1 0.051724 0.869828 0.031034 0.036207
1 0.082759 0.893103 0.034483 0.034483
1 0.063793 0.943103 0.027586 0.031034
1 0.009483 0.253448 0.018966 0.027586
1 0.118103 0.350862 0.032759 0.029310
1 0.136207 0.300000 0.027586 0.034483