1 0.387069 0.271552 0.056897 0.043103
1 0.550000 0.198276 0.037931 0.031034
1 0.560345 0.178448 0.034483 0.032759
1 0.569828 0.129310 0.039655 0.037931
1 0.454310 0.175862 0.022414 0.037931
1 0.452586 0.231034 0.025862 0.037931
1 0.468103 0.256034 0.029310 0.029310
1 0.541379 0.234483 0.037931 0.037931
1 0.822414 0.146552 0.044828 0.037931
1 0.979310 0.081897 0.031034 0.036207
1 0.973276 0.113793 0.025862 0.034483
1 0.908621 0.129310 0.024138 0.031034
1 0.843966 0.062931 0.046552 0.043103
1 0.796552 0.079310 0.027586 0.031034
1 0.725862 0.074138 0.034483 0.027586
1 0.768103 0.038793 0.039655 0.032759
1 0.424138 0.078448 0.037931 0.032759
1 0.415517 0.108621 0.037931 0.031034
1 0.295690 0.056897 0.036207 0.037931
1 0.236207 0.033621 0.044828 0.039655
1 0.125000 0.073276 0.046552 0.039655
1 0.029310 0.184483 0.041379 0.020690
1 0.016379 0.111207 0.025862 0.053448
1 0.137931 0.287069 0.027586 0.056897
1 0.118966 0.274138 0.031034 0.041379
1 0.138793 0.360345 0.036207 0.037931
1 0.174138 0.405172 0.055172 0.055172
1 0.146552 0.432759 0.037931 0.048276
1 0.165517 0.450862 0.034483 0.032759
1 0.011207 0.401724 0.022414 0.044828
1 0.326724 0.453448 0.039655 0.034483
1 0.324138 0.393966 0.037931 0.036207
1 0.294828 0.373276 0.037931 0.036207
1 0.334483 0.297414 0.044828 0.025862
1 0.360345 0.183621 0.024138 0.029310
1 0.334483 0.184483 0.048276 0.037931
1 0.293103 0.212931 0.027586 0.043103
1 0.206897 0.218103 0.044828 0.032759
1 0.388793 0.483621 0.039655 0.039655
1 0.544828 0.365517 0.058621 0.055172
1 0.666379 0.406897 0.025862 0.037931
1 0.677586 0.431897 0.044828 0.036207
1 0.620690 0.421552 0.034483 0.039655
1 0.646552 0.374138 0.031034 0.037931
1 0.681897 0.368966 0.022414 0.044828
1 0.743966 0.366379 0.036207 0.032759
1 0.856034 0.365517 0.043103 0.041379
1 0.913793 0.391379 0.034483 0.031034
1 0.940517 0.387931 0.036207 0.037931
1 0.939655 0.424138 0.037931 0.031034
1 0.852586 0.452586 0.046552 0.039655
1 0.759483 0.454310 0.036207 0.050000
1 0.493966 0.369828 0.039655 0.056897
1 0.381897 0.439655 0.039655 0.027586
1 0.271552 0.597414 0.056897 0.039655
1 0.274138 0.652586 0.034483 0.039655
1 0.402586 0.664655 0.043103 0.032759
1 0.559483 0.666379 0.046552 0.039655
1 0.487069 0.559483 0.043103 0.036207
1 0.739655 0.300000 0.031034 0.058621
1 0.936207 0.213793 0.048276 0.034483
1 0.961207 0.178448 0.043103 0.032759
1 0.900862 0.268966 0.053448 0.048276
1 0.768103 0.197414 0.036207 0.036207
1 0.508621 0.027586 0.044828 0.041379
1 0.724138 0.608621 0.041379 0.031034
1 0.693966 0.570690 0.036207 0.048276
1 0.809483 0.540517 0.029310 0.046552
1 0.771552 0.517241 0.039655 0.041379
1 0.974138 0.526724 0.024138 0.053448
1 0.876724 0.589655 0.036207 0.034483
1 0.826724 0.619828 0.036207 0.036207
1 0.922414 0.671552 0.044828 0.050000
1 0.980172 0.654310 0.032759 0.043103
1 0.783621 0.644828 0.032759 0.041379
1 0.768966 0.694828 0.027586 0.031034
1 0.750000 0.712069 0.044828 0.034483
1 0.726724 0.684483 0.053448 0.031034
1 0.665517 0.734483 0.031034 0.034483
1 0.800000 0.787069 0.048276 0.053448
1 0.961207 0.741379 0.032759 0.037931
1 0.885345 0.790517 0.056897 0.060345
1 0.949138 0.863793 0.036207 0.031034
1 0.909483 0.907759 0.039655 0.039655
1 0.815517 0.847414 0.048276 0.043103
1 0.326724 0.778448 0.036207 0.032759
1 0.254310 0.802586 0.060345 0.032759
1 0.199138 0.755172 0.029310 0.051724
1 0.168103 0.701724 0.032759 0.051724
1 0.056034 0.793966 0.036207 0.039655
1 0.101724 0.834483 0.034483 0.034483
1 0.028448 0.799138 0.029310 0.043103
1 0.187069 0.889655 0.032759 0.031034
1 0.156897 0.864655 0.027586 0.036207
1 0.084483 0.918966 0.034483 0.041379
1 0.048276 0.983621 0.048276 0.018966
1 0.237069 0.980172 0.022414 0.025862
1 0.203448 0.962931 0.037931 0.032759
1 0.382759 0.968103 0.037931 0.039655
1 0.337069 0.916379 0.022414 0.039655
1 0.397414 0.785345 0.039655 0.032759
1 0.432759 0.756897 0.041379 0.048276
1 0.537931 0.720690 0.031034 0.034483
1 0.603448 0.706897 0.037931 0.041379
1 0.634483 0.771552 0.041379 0.032759
1 0.721552 0.831897 0.032759 0.050000
1 0.743966 0.894828 0.039655 0.041379
1 0.769828 0.943103 0.036207 0.034483
1 0.576724 0.977586 0.036207 0.031034
1 0.543103 0.941379 0.034483 0.034483
1 0.510345 0.955172 0.034483 0.024138
1 0.510345 0.917241 0.031034 0.027586
1 0.443103 0.860345 0.031034 0.041379
1 0.478448 0.844828 0.036207 0.034483
1 0.449138 0.806034 0.043103 0.036207
1 0.387931 0.814655 0.027586 0.036207
1 0.359483 0.836207 0.036207 0.037931
1 0.371552 0.893103 0.039655 0.037931
1 0.312069 0.820690 0.031034 0.034483
1 0.286207 0.744828 0.037931 0.034483
1 0.584483 0.616379 0.051724 0.029310
1 0.600862 0.640517 0.056897 0.039655
1 0.941379 0.490517 0.031034 0.039655
1 0.290517 0.693966 0.039655 0.043103
1 0.421552 0.524138 0.036207 0.031034
1 0.948276 0.944828 0.041379 0.034483
1 0.961207 0.977586 0.029310 0.034483
1 0.600000 0.864655 0.041379 0.039655