1 0.387931 0.444828 0.044828 0.044828
1 0.656034 0.365517 0.032759 0.037931
1 0.880172 0.325000 0.039655 0.053448
1 0.916379 0.308621 0.036207 0.051724
1 0.932759 0.368103 0.027586 0.046552
1 0.877586 0.402586 0.034483 0.053448
1 0.889655 0.515517 0.044828 0.041379
1 0.908621 0.593966 0.024138 0.067241
1 0.787069 0.570690 0.056897 0.044828
1 0.790517 0.631034 0.032759 0.041379
1 0.570690 0.746552 0.034483 0.034483
1 0.612931 0.658621 0.036207 0.051724
1 0.181034 0.397414 0.034483 0.050000
1 0.155172 0.476724 0.027586 0.060345
1 0.134483 0.387931 0.034483 0.048276
1 0.332759 0.212931 0.037931 0.053448
1 0.464655 0.131897 0.043103 0.043103
1 0.266379 0.243103 0.043103 0.041379
1 0.199138 0.264655 0.046552 0.053448
1 0.156034 0.220690 0.029310 0.044828
1 0.200862 0.480172 0.043103 0.053448
1 0.207759 0.540517 0.043103 0.032759
1 0.287069 0.609483 0.039655 0.039655
1 0.276724 0.656034 0.039655 0.043103
1 0.398276 0.678448 0.031034 0.032759
1 0.435345 0.725000 0.032759 0.039655
1 0.472414 0.755172 0.037931 0.031034
1 0.457759 0.781034 0.043103 0.041379
1 0.525862 0.762069 0.041379 0.044828
1 0.542241 0.826724 0.036207 0.043103
1 0.635345 0.822414 0.036207 0.034483
1 0.682759 0.806897 0.031034 0.034483
1 0.714655 0.815517 0.025862 0.037931
1 0.766379 0.780172 0.039655 0.046552
1 0.812069 0.816379 0.024138 0.025862
1 0.898276 0.791379 0.031034 0.027586
1 0.960345 0.776724 0.031034 0.032759
1 0.732759 0.275000 0.037931 0.043103
1 0.789655 0.155172 0.051724 0.044828
1 0.584483 0.020690 0.041379 0.037931
1 0.519828 0.350862 0.036207 0.039655
1 0.660345 0.253448 0.051724 0.048276
1 0.788793 0.116379 0.036207 0.039655
1 0.729310 0.119828 0.051724 0.036207
1 0.634483 0.174138 0.037931 0.041379
1 0.586207 0.156897 0.044828 0.041379
1 0.095690 0.766379 0.043103 0.046552
1 0.326724 0.456034 0.036207 0.032759
1 0.255172 0.307759 0.037931 0.043103
1 0.287931 0.141379 0.048276 0.048276
1 0.412069 0.058621 0.041379 0.037931
1 0.656034 0.031034 0.056897 0.044828
1 0.614655 0.392241 0.039655 0.067241
1 0.298276 0.747414 0.027586 0.032759
1 0.186207 0.733621 0.041379 0.039655
1 0.818103 0.470690 0.039655 0.041379
1 0.623276 0.882759 0.036207 0.041379