1 0.530172 0.168103 0.039655 0.029310
1 0.632759 0.200862 0.034483 0.029310
1 0.693103 0.013793 0.051724 0.027586
1 0.762069 0.025862 0.044828 0.048276
1 0.844828 0.133621 0.037931 0.036207
1 0.786207 0.356897 0.034483 0.037931
1 0.850862 0.331034 0.032759 0.027586
1 0.825862 0.508621 0.041379 0.031034
1 0.865517 0.530172 0.031034 0.036207
1 0.820690 0.709483 0.027586 0.036207
1 0.964655 0.800862 0.025862 0.039655
1 0.815517 0.932759 0.034483 0.031034
1 0.699138 0.936207 0.050000 0.037931
1 0.627586 0.843103 0.034483 0.034483
1 0.521552 0.551724 0.029310 0.034483
1 0.626724 0.539655 0.029310 0.031034
1 0.653448 0.415517 0.034483 0.027586
1 0.254310 0.287069 0.050000 0.036207
1 0.318966 0.290517 0.027586 0.032759
1 0.393966 0.308621 0.029310 0.041379
1 0.472414 0.331897 0.037931 0.032759
1 0.627586 0.346552 0.031034 0.027586
1 0.618103 0.442241 0.039655 0.043103
1 0.689655 0.668966 0.020690 0.024138
1 0.468103 0.788793 0.032759 0.025862
1 0.297414 0.851724 0.039655 0.020690
1 0.245690 0.794828 0.036207 0.034483
1 0.206897 0.583621 0.027586 0.029310
1 0.172414 0.111207 0.017241 0.025862
1 0.120690 0.065517 0.031034 0.027586
1 0.226724 0.080172 0.036207 0.029310