1 0.442241 0.396552 0.050000 0.048276
1 0.522414 0.423276 0.041379 0.036207
1 0.650000 0.369828 0.051724 0.036207
1 0.775862 0.287931 0.037931 0.041379
1 0.875000 0.170690 0.036207 0.037931
1 0.966379 0.106034 0.036207 0.032759
1 0.981034 0.186207 0.037931 0.044828
1 0.972414 0.262069 0.048276 0.062069
1 0.955172 0.456034 0.027586 0.053448
1 0.880172 0.426724 0.043103 0.046552
1 0.956897 0.553448 0.037931 0.034483
1 0.827586 0.622414 0.034483 0.031034
1 0.823276 0.582759 0.039655 0.031034
1 0.787931 0.745690 0.034483 0.050000
1 0.838793 0.762931 0.036207 0.036207
1 0.887069 0.712069 0.029310 0.044828
1 0.912069 0.956897 0.024138 0.041379
1 0.782759 0.868103 0.027586 0.029310
1 0.721552 0.825862 0.025862 0.034483
1 0.644828 0.862931 0.027586 0.043103
1 0.577586 0.875862 0.031034 0.024138
1 0.531034 0.827586 0.034483 0.034483
1 0.562069 0.726724 0.031034 0.046552
1 0.735345 0.737931 0.036207 0.034483
1 0.488793 0.687931 0.022414 0.044828
1 0.423276 0.789655 0.039655 0.055172
1 0.444828 0.850862 0.037931 0.039655
1 0.358621 0.740517 0.037931 0.046552
1 0.396552 0.715517 0.037931 0.037931
1 0.241379 0.586207 0.041379 0.051724
1 0.196552 0.737931 0.055172 0.044828
1 0.178448 0.958621 0.050000 0.044828
1 0.293103 0.937069 0.048276 0.032759
1 0.072414 0.765517 0.027586 0.048276