1 0.284483 0.327586 0.037931 0.041379
1 0.382759 0.296552 0.041379 0.065517
1 0.500862 0.301724 0.063793 0.041379
1 0.505172 0.256897 0.031034 0.037931
1 0.554310 0.228448 0.043103 0.032759
1 0.573276 0.160345 0.081034 0.037931
1 0.742241 0.187069 0.039655 0.063793
1 0.778448 0.204310 0.050000 0.015517
1 0.837069 0.181897 0.029310 0.029310
1 0.752586 0.104310 0.063793 0.050000
1 0.407759 0.498276 0.063793 0.041379
1 0.417241 0.451724 0.048276 0.034483
1 0.440517 0.533621 0.025862 0.039655
1 0.511207 0.433621 0.070690 0.098276
1 0.576724 0.368966 0.077586 0.079310
1 0.625862 0.284483 0.075862 0.044828
1 0.689655 0.291379 0.048276 0.051724
1 0.789655 0.327586 0.034483 0.065517
1 0.831897 0.293103 0.050000 0.044828
1 0.864655 0.331897 0.025862 0.032759
1 0.972414 0.261207 0.037931 0.067241
1 0.902586 0.547414 0.043103 0.050000
1 0.945690 0.528448 0.046552 0.053448
1 0.687931 0.537069 0.051724 0.050000
1 0.755172 0.572414 0.051724 0.068966
1 0.798276 0.683621 0.072414 0.101724
1 0.841379 0.787931 0.079310 0.048276
1 0.731897 0.837069 0.050000 0.053448
1 0.723276 0.762069 0.029310 0.034483
1 0.721552 0.715517 0.036207 0.044828
1 0.646552 0.624138 0.068966 0.051724
1 0.331034 0.133621 0.082759 0.053448
1 0.387931 0.081034 0.044828 0.058621
1 0.188793 0.225862 0.039655 0.051724
1 0.186207 0.274138 0.031034 0.048276
1 0.831034 0.562069 0.051724 0.079310
1 0.522414 0.743966 0.068966 0.056897
1 0.444828 0.722414 0.034483 0.055172
1 0.401724 0.605172 0.072414 0.044828
1 0.283621 0.510345 0.063793 0.055172
1 0.295690 0.404310 0.081034 0.060345
1 0.170690 0.100000 0.065517 0.065517
1 0.177586 0.051724 0.068966 0.058621
1 0.114655 0.318103 0.060345 0.081034
1 0.033621 0.475862 0.067241 0.075862
1 0.181897 0.443103 0.032759 0.048276
1 0.155172 0.568966 0.041379 0.048276
1 0.283621 0.683621 0.060345 0.060345
1 0.575000 0.568103 0.046552 0.050000
1 0.609483 0.560345 0.025862 0.041379
1 0.643966 0.405172 0.036207 0.072414
1 0.737931 0.338793 0.051724 0.046552
1 0.802586 0.245690 0.081034 0.032759
1 0.907759 0.087931 0.046552 0.048276
1 0.946552 0.135345 0.034483 0.032759
1 0.985345 0.111207 0.029310 0.043103
1 0.985345 0.174138 0.029310 0.024138
1 0.905172 0.313793 0.055172 0.041379
1 0.979310 0.677586 0.041379 0.058621
1 0.837931 0.838793 0.048276 0.039655
1 0.568103 0.975000 0.050000 0.050000
1 0.730172 0.901724 0.046552 0.034483
1 0.837069 0.924138 0.067241 0.031034
1 0.911207 0.916379 0.050000 0.036207
1 0.929310 0.681897 0.041379 0.025862
1 0.056897 0.621552 0.113793 0.156897
1 0.048276 0.070690 0.055172 0.044828
1 0.599138 0.480172 0.084483 0.053448
1 0.698276 0.468103 0.055172 0.036207
1 0.831897 0.439655 0.067241 0.027586
1 0.989655 0.394828 0.020690 0.017241
1 0.824138 0.408621 0.041379 0.027586
1 0.562069 0.074138 0.031034 0.034483
1 0.450000 0.668103 0.034483 0.022414
1 0.494828 0.657759 0.037931 0.036207
1 0.390517 0.843966 0.032759 0.022414
1 0.420690 0.837069 0.037931 0.025862
1 0.323276 0.800862 0.036207 0.029310
1 0.275862 0.732759 0.031034 0.041379
1 0.029310 0.874138 0.058620 0.079310